,0,1,2,3,4,5,6,7,8,9,10,11,12,13,14,15,16,17,18,19,20,21,22,23,24,25,26,27,28,29,30,31,32,33,34,35,36,37,38,39,40,41,42,43,44,45,46,47,48,49,50,51,52,53,54,55,56,57,58,59,60,61,62,63,64,65,66,67,68,69,70,71,72,73,74,75,76,77,78,79,80,81,82,83,84,85,86,87,88,89,90,91,92,93,94,95,96,97,98,99,100,101,102,103,104,105,106,107,108,109,110,111,112,113,114,115,116,117,118,119,120,121,122,123,124,125,126,127,128,129,130,131,132,133,134,135,136,137,138,139,140,141,142,143,144,145,146,147,148,149
0,0.0,49157.0,28556.0,21129.0,22397.0,34326.0,9902.0,13072.0,4896.0,5340.0,6057.0,4897.0,4512.0,4171.0,3160.0,3277.0,1292.0,2013.0,2329.0,1992.0,2028.0,1703.0,2120.0,1853.0,1321.0,1963.0,1507.0,1674.0,221.0,464.0,1887.0,1215.0,1251.0,663.0,1057.0,949.0,1288.0,1314.0,1024.0,1181.0,985.0,947.0,1331.0,1254.0,887.0,1000.0,850.0,978.0,945.0,890.0,736.0,928.0,14.0,592.0,842.0,858.0,691.0,792.0,132.0,471.0,595.0,259.0,554.0,765.0,698.0,483.0,162.0,581.0,323.0,497.0,559.0,379.0,609.0,497.0,351.0,228.0,438.0,522.0,564.0,398.0,293.0,318.0,424.0,593.0,445.0,154.0,471.0,439.0,82.0,441.0,500.0,253.0,299.0,369.0,171.0,3.0,116.0,412.0,305.0,279.0,275.0,326.0,296.0,342.0,331.0,293.0,341.0,173.0,295.0,414.0,338.0,121.0,438.0,232.0,408.0,323.0,354.0,321.0,238.0,271.0,174.0,148.0,268.0,15.0,295.0,388.0,177.0,383.0,381.0,266.0,253.0,139.0,185.0,253.0,138.0,67.0,220.0,186.0,175.0,226.0,107.0,217.0,228.0,269.0,277.0,222.0,152.0,260.0,223.0,190.0
1,49157.0,0.0,11313.0,16785.0,18325.0,12571.0,8779.0,5209.0,1347.0,1388.0,164.0,3033.0,1587.0,1781.0,2409.0,266.0,1210.0,1329.0,984.0,1475.0,603.0,957.0,370.0,1236.0,939.0,744.0,881.0,640.0,547.0,1531.0,524.0,1228.0,844.0,542.0,598.0,716.0,491.0,62.0,619.0,717.0,734.0,590.0,1276.0,572.0,544.0,569.0,544.0,358.0,503.0,481.0,459.0,351.0,715.0,631.0,575.0,331.0,456.0,191.0,474.0,332.0,263.0,241.0,362.0,228.0,142.0,223.0,195.0,214.0,254.0,222.0,151.0,307.0,476.0,2.0,302.0,155.0,470.0,103.0,172.0,251.0,260.0,300.0,141.0,367.0,350.0,226.0,224.0,399.0,210.0,110.0,45.0,212.0,219.0,320.0,51.0,281.0,54.0,88.0,180.0,131.0,281.0,32.0,150.0,126.0,76.0,201.0,30.0,169.0,121.0,343.0,6.0,78.0,370.0,33.0,10.0,111.0,90.0,280.0,16.0,143.0,219.0,96.0,163.0,12.0,57.0,8.0,65.0,0.0,0.0,208.0,29.0,128.0,145.0,153.0,92.0,25.0,120.0,102.0,140.0,197.0,51.0,89.0,129.0,120.0,88.0,122.0,132.0,177.0,152.0,94.0
2,28556.0,11313.0,0.0,7982.0,13286.0,12647.0,10166.0,6846.0,1113.0,2306.0,1575.0,1194.0,179.0,771.0,1004.0,17.0,1675.0,15.0,708.0,140.0,502.0,1285.0,342.0,1605.0,807.0,415.0,387.0,236.0,364.0,187.0,117.0,420.0,301.0,665.0,613.0,351.0,534.0,18.0,577.0,104.0,85.0,322.0,0.0,114.0,454.0,234.0,44.0,134.0,217.0,368.0,365.0,180.0,652.0,252.0,20.0,386.0,338.0,37.0,295.0,386.0,406.0,385.0,339.0,186.0,12.0,198.0,354.0,166.0,418.0,451.0,48.0,256.0,91.0,1.0,206.0,344.0,209.0,175.0,93.0,82.0,158.0,104.0,53.0,6.0,120.0,166.0,71.0,23.0,274.0,24.0,48.0,130.0,185.0,192.0,340.0,17.0,277.0,313.0,125.0,76.0,208.0,17.0,114.0,63.0,110.0,13.0,117.0,217.0,89.0,10.0,185.0,185.0,7.0,3.0,1.0,111.0,47.0,40.0,4.0,20.0,79.0,170.0,73.0,11.0,52.0,4.0,0.0,0.0,0.0,27.0,11.0,90.0,46.0,51.0,163.0,175.0,58.0,106.0,96.0,14.0,177.0,33.0,29.0,76.0,142.0,149.0,71.0,12.0,10.0,48.0
3,21129.0,16785.0,7982.0,0.0,15660.0,6435.0,6559.0,6498.0,508.0,2309.0,2441.0,1055.0,204.0,1102.0,1608.0,18.0,1504.0,12.0,1197.0,166.0,705.0,1330.0,532.0,1202.0,989.0,658.0,490.0,150.0,293.0,1683.0,202.0,493.0,191.0,481.0,676.0,396.0,393.0,17.0,411.0,125.0,234.0,376.0,0.0,307.0,545.0,284.0,63.0,61.0,360.0,359.0,307.0,139.0,457.0,263.0,12.0,322.0,234.0,77.0,262.0,359.0,281.0,323.0,221.0,159.0,11.0,461.0,285.0,59.0,342.0,357.0,29.0,254.0,100.0,0.0,272.0,340.0,196.0,476.0,142.0,23.0,153.0,236.0,38.0,116.0,245.0,225.0,46.0,18.0,179.0,14.0,434.0,113.0,133.0,429.0,312.0,299.0,173.0,324.0,69.0,86.0,121.0,12.0,170.0,41.0,18.0,121.0,111.0,178.0,52.0,17.0,204.0,201.0,376.0,4.0,1.0,164.0,131.0,33.0,5.0,32.0,59.0,144.0,80.0,361.0,54.0,383.0,6.0,383.0,381.0,26.0,17.0,62.0,146.0,55.0,73.0,153.0,68.0,71.0,30.0,14.0,93.0,48.0,18.0,46.0,30.0,148.0,94.0,54.0,133.0,140.0
4,22397.0,18325.0,13286.0,15660.0,0.0,4938.0,4687.0,6815.0,500.0,1880.0,1804.0,1087.0,153.0,994.0,927.0,46.0,1237.0,19.0,628.0,383.0,363.0,1058.0,716.0,825.0,1156.0,438.0,392.0,292.0,488.0,1105.0,236.0,380.0,440.0,751.0,733.0,706.0,297.0,286.0,723.0,309.0,408.0,596.0,0.0,331.0,315.0,181.0,136.0,56.0,615.0,465.0,332.0,241.0,280.0,259.0,35.0,221.0,244.0,54.0,202.0,492.0,350.0,571.0,367.0,140.0,147.0,138.0,446.0,134.0,387.0,257.0,38.0,320.0,71.0,14.0,425.0,543.0,353.0,103.0,87.0,53.0,219.0,210.0,121.0,2.0,230.0,230.0,49.0,17.0,145.0,33.0,49.0,156.0,111.0,128.0,58.0,170.0,331.0,87.0,111.0,77.0,141.0,100.0,143.0,51.0,22.0,110.0,104.0,122.0,184.0,18.0,88.0,325.0,6.0,2.0,2.0,53.0,116.0,32.0,182.0,51.0,100.0,240.0,191.0,358.0,63.0,5.0,44.0,0.0,0.0,106.0,119.0,107.0,47.0,46.0,96.0,316.0,36.0,98.0,108.0,22.0,178.0,48.0,86.0,61.0,25.0,175.0,92.0,85.0,127.0,137.0
5,34326.0,12571.0,12647.0,6435.0,4938.0,0.0,5242.0,2968.0,33.0,1160.0,1109.0,1144.0,237.0,1214.0,1167.0,38.0,318.0,16.0,482.0,114.0,281.0,236.0,929.0,593.0,328.0,435.0,338.0,66.0,267.0,46.0,260.0,215.0,108.0,153.0,281.0,116.0,295.0,12.0,244.0,101.0,207.0,152.0,0.0,481.0,886.0,223.0,32.0,49.0,153.0,517.0,113.0,326.0,61.0,160.0,69.0,174.0,719.0,151.0,89.0,64.0,162.0,55.0,93.0,129.0,58.0,69.0,32.0,154.0,84.0,85.0,45.0,70.0,89.0,2.0,41.0,17.0,199.0,40.0,113.0,12.0,75.0,83.0,59.0,135.0,221.0,43.0,78.0,31.0,42.0,11.0,25.0,54.0,85.0,2.0,7.0,0.0,27.0,15.0,47.0,13.0,193.0,12.0,49.0,44.0,85.0,128.0,35.0,71.0,114.0,31.0,159.0,18.0,1.0,2.0,0.0,58.0,118.0,21.0,139.0,14.0,16.0,36.0,72.0,5.0,35.0,2.0,44.0,0.0,0.0,26.0,128.0,22.0,27.0,77.0,41.0,2.0,12.0,63.0,9.0,36.0,31.0,34.0,20.0,105.0,135.0,96.0,27.0,61.0,55.0,73.0
6,9902.0,8779.0,10166.0,6559.0,4687.0,5242.0,0.0,2310.0,1019.0,780.0,626.0,672.0,190.0,883.0,351.0,8.0,470.0,12.0,735.0,93.0,202.0,828.0,289.0,1158.0,296.0,272.0,308.0,66.0,287.0,189.0,238.0,386.0,81.0,249.0,292.0,117.0,249.0,5.0,224.0,59.0,37.0,137.0,0.0,506.0,314.0,607.0,24.0,41.0,99.0,353.0,73.0,229.0,15.0,80.0,6.0,110.0,244.0,43.0,85.0,98.0,64.0,265.0,131.0,97.0,5.0,368.0,112.0,132.0,64.0,105.0,23.0,85.0,118.0,0.0,114.0,329.0,84.0,435.0,78.0,8.0,32.0,154.0,52.0,80.0,77.0,22.0,72.0,16.0,103.0,34.0,407.0,28.0,47.0,25.0,10.0,4.0,182.0,291.0,42.0,25.0,282.0,3.0,72.0,79.0,62.0,93.0,38.0,76.0,51.0,6.0,68.0,176.0,3.0,21.0,0.0,68.0,23.0,278.0,4.0,11.0,21.0,107.0,34.0,3.0,11.0,381.0,0.0,383.0,381.0,7.0,6.0,15.0,10.0,80.0,31.0,213.0,11.0,48.0,18.0,3.0,143.0,29.0,33.0,27.0,20.0,130.0,58.0,6.0,39.0,32.0
7,13072.0,5209.0,6846.0,6498.0,6815.0,2968.0,2310.0,0.0,449.0,50.0,524.0,736.0,434.0,691.0,548.0,50.0,771.0,7.0,359.0,124.0,86.0,304.0,419.0,475.0,469.0,206.0,156.0,55.0,274.0,366.0,274.0,227.0,70.0,128.0,174.0,154.0,64.0,5.0,222.0,281.0,92.0,231.0,0.0,121.0,116.0,149.0,26.0,23.0,275.0,90.0,121.0,115.0,113.0,222.0,10.0,120.0,94.0,23.0,141.0,101.0,322.0,70.0,104.0,159.0,134.0,70.0,28.0,14.0,87.0,78.0,26.0,136.0,439.0,0.0,80.0,45.0,217.0,54.0,91.0,21.0,55.0,229.0,19.0,358.0,107.0,36.0,32.0,288.0,80.0,3.0,9.0,56.0,73.0,176.0,10.0,15.0,20.0,22.0,46.0,15.0,78.0,9.0,60.0,80.0,49.0,69.0,17.0,49.0,89.0,299.0,53.0,12.0,4.0,1.0,0.0,24.0,21.0,24.0,95.0,15.0,34.0,43.0,61.0,3.0,12.0,3.0,2.0,0.0,0.0,21.0,31.0,24.0,36.0,29.0,20.0,2.0,19.0,62.0,18.0,6.0,43.0,21.0,13.0,18.0,14.0,65.0,39.0,91.0,132.0,34.0
8,4896.0,1347.0,1113.0,508.0,500.0,33.0,1019.0,449.0,0.0,338.0,203.0,116.0,102.0,174.0,173.0,5.0,39.0,4.0,72.0,11.0,356.0,36.0,28.0,54.0,52.0,102.0,96.0,22.0,55.0,7.0,21.0,49.0,4.0,178.0,48.0,18.0,61.0,5.0,29.0,3.0,105.0,25.0,0.0,22.0,109.0,41.0,0.0,4.0,17.0,37.0,13.0,46.0,33.0,34.0,3.0,4.0,154.0,85.0,76.0,20.0,6.0,19.0,65.0,48.0,2.0,9.0,157.0,23.0,7.0,22.0,8.0,14.0,6.0,0.0,6.0,11.0,28.0,4.0,21.0,0.0,9.0,34.0,34.0,4.0,7.0,3.0,23.0,8.0,54.0,0.0,7.0,2.0,6.0,0.0,4.0,0.0,112.0,3.0,13.0,2.0,20.0,2.0,14.0,25.0,28.0,13.0,12.0,5.0,8.0,5.0,20.0,0.0,1.0,0.0,1.0,8.0,1.0,12.0,1.0,2.0,2.0,7.0,17.0,0.0,3.0,0.0,1.0,0.0,0.0,0.0,7.0,22.0,7.0,27.0,0.0,1.0,3.0,4.0,4.0,4.0,10.0,5.0,3.0,18.0,18.0,4.0,7.0,0.0,3.0,8.0
9,5340.0,1388.0,2306.0,2309.0,1880.0,1160.0,780.0,50.0,338.0,0.0,503.0,372.0,197.0,197.0,152.0,36.0,203.0,13.0,227.0,54.0,61.0,114.0,198.0,33.0,179.0,21.0,78.0,61.0,231.0,232.0,156.0,66.0,53.0,48.0,70.0,61.0,0.0,12.0,64.0,56.0,36.0,42.0,0.0,138.0,44.0,72.0,22.0,42.0,67.0,57.0,53.0,131.0,54.0,96.0,8.0,17.0,36.0,31.0,112.0,43.0,75.0,38.0,73.0,76.0,8.0,50.0,25.0,2.0,29.0,17.0,17.0,76.0,26.0,1.0,28.0,32.0,58.0,20.0,21.0,9.0,55.0,48.0,6.0,6.0,19.0,19.0,43.0,16.0,5.0,8.0,4.0,47.0,35.0,105.0,6.0,105.0,9.0,8.0,8.0,16.0,21.0,7.0,56.0,26.0,6.0,32.0,19.0,32.0,3.0,8.0,4.0,8.0,0.0,4.0,1.0,68.0,12.0,14.0,114.0,9.0,15.0,22.0,20.0,3.0,8.0,0.0,1.0,0.0,0.0,7.0,118.0,23.0,81.0,9.0,37.0,3.0,13.0,20.0,23.0,9.0,19.0,1.0,18.0,3.0,3.0,15.0,11.0,7.0,6.0,16.0
10,6057.0,164.0,1575.0,2441.0,1804.0,1109.0,626.0,524.0,203.0,503.0,0.0,356.0,132.0,101.0,194.0,8.0,182.0,10.0,180.0,62.0,228.0,131.0,84.0,40.0,176.0,250.0,20.0,48.0,204.0,21.0,81.0,15.0,61.0,43.0,95.0,56.0,4.0,2.0,70.0,37.0,44.0,56.0,0.0,19.0,35.0,63.0,27.0,23.0,64.0,22.0,49.0,17.0,33.0,122.0,9.0,19.0,23.0,15.0,73.0,43.0,36.0,33.0,64.0,59.0,16.0,27.0,12.0,0.0,19.0,23.0,22.0,55.0,13.0,0.0,38.0,23.0,34.0,17.0,33.0,10.0,31.0,68.0,20.0,8.0,20.0,12.0,21.0,4.0,7.0,3.0,4.0,31.0,22.0,18.0,2.0,13.0,4.0,15.0,21.0,13.0,12.0,8.0,45.0,26.0,3.0,15.0,4.0,25.0,5.0,11.0,1.0,9.0,5.0,7.0,2.0,57.0,5.0,11.0,6.0,49.0,14.0,12.0,13.0,5.0,4.0,0.0,1.0,0.0,0.0,8.0,16.0,16.0,30.0,9.0,9.0,3.0,13.0,20.0,16.0,22.0,13.0,21.0,12.0,4.0,4.0,27.0,29.0,17.0,7.0,26.0
11,4897.0,3033.0,1194.0,1055.0,1087.0,1144.0,672.0,736.0,116.0,372.0,356.0,0.0,147.0,381.0,398.0,1.0,148.0,12.0,47.0,103.0,45.0,45.0,300.0,19.0,102.0,41.0,35.0,59.0,107.0,48.0,136.0,54.0,55.0,21.0,160.0,64.0,45.0,5.0,190.0,44.0,42.0,43.0,0.0,81.0,19.0,64.0,16.0,77.0,88.0,3.0,94.0,38.0,45.0,12.0,3.0,71.0,16.0,9.0,47.0,33.0,78.0,16.0,28.0,31.0,140.0,16.0,2.0,5.0,9.0,48.0,36.0,22.0,31.0,0.0,2.0,6.0,33.0,6.0,38.0,6.0,41.0,16.0,13.0,10.0,101.0,21.0,29.0,2.0,5.0,37.0,32.0,57.0,93.0,0.0,1.0,0.0,10.0,6.0,9.0,2.0,39.0,12.0,25.0,17.0,4.0,43.0,9.0,33.0,130.0,5.0,15.0,5.0,7.0,7.0,0.0,17.0,13.0,8.0,73.0,6.0,23.0,17.0,75.0,3.0,4.0,0.0,4.0,0.0,0.0,7.0,8.0,12.0,13.0,17.0,49.0,0.0,14.0,29.0,27.0,6.0,9.0,8.0,71.0,1.0,10.0,8.0,8.0,5.0,27.0,10.0
12,4512.0,1587.0,179.0,204.0,153.0,237.0,190.0,434.0,102.0,197.0,132.0,147.0,0.0,84.0,53.0,7.0,3.0,37.0,224.0,9.0,16.0,5.0,81.0,14.0,14.0,10.0,12.0,13.0,23.0,11.0,362.0,5.0,8.0,15.0,17.0,11.0,1.0,10.0,7.0,50.0,9.0,6.0,0.0,26.0,6.0,18.0,4.0,15.0,8.0,6.0,6.0,38.0,4.0,1.0,0.0,0.0,0.0,2.0,16.0,0.0,7.0,4.0,6.0,2.0,17.0,13.0,1.0,1.0,0.0,1.0,144.0,3.0,266.0,1.0,1.0,7.0,14.0,14.0,40.0,2.0,3.0,1.0,37.0,282.0,12.0,0.0,39.0,244.0,2.0,1.0,17.0,3.0,4.0,0.0,0.0,0.0,2.0,0.0,4.0,0.0,2.0,9.0,0.0,39.0,8.0,0.0,1.0,0.0,4.0,248.0,0.0,0.0,1.0,1.0,0.0,81.0,38.0,1.0,6.0,1.0,2.0,2.0,2.0,0.0,2.0,14.0,3.0,14.0,14.0,0.0,4.0,1.0,76.0,1.0,8.0,0.0,0.0,2.0,3.0,181.0,4.0,0.0,0.0,1.0,1.0,0.0,1.0,2.0,1.0,2.0
13,4171.0,1781.0,771.0,1102.0,994.0,1214.0,883.0,691.0,174.0,197.0,101.0,381.0,84.0,0.0,302.0,3.0,89.0,1.0,126.0,66.0,78.0,34.0,1017.0,45.0,23.0,231.0,70.0,7.0,20.0,99.0,165.0,153.0,1.0,16.0,63.0,19.0,41.0,0.0,114.0,86.0,44.0,20.0,0.0,997.0,55.0,303.0,1.0,21.0,28.0,52.0,31.0,256.0,43.0,17.0,1.0,42.0,11.0,6.0,15.0,23.0,29.0,2.0,10.0,10.0,160.0,28.0,1.0,12.0,11.0,28.0,19.0,9.0,67.0,0.0,1.0,6.0,27.0,11.0,345.0,6.0,0.0,15.0,87.0,10.0,206.0,1.0,7.0,0.0,15.0,0.0,7.0,1.0,11.0,7.0,0.0,0.0,2.0,1.0,5.0,1.0,108.0,1.0,5.0,15.0,19.0,17.0,9.0,7.0,142.0,1.0,21.0,0.0,11.0,0.0,0.0,23.0,117.0,253.0,203.0,4.0,0.0,6.0,91.0,0.0,1.0,0.0,12.0,0.0,0.0,1.0,115.0,0.0,0.0,41.0,0.0,11.0,2.0,7.0,1.0,9.0,3.0,1.0,66.0,16.0,9.0,7.0,2.0,3.0,20.0,6.0
14,3160.0,2409.0,1004.0,1608.0,927.0,1167.0,351.0,548.0,173.0,152.0,194.0,398.0,53.0,302.0,0.0,2.0,182.0,0.0,207.0,5.0,13.0,32.0,160.0,89.0,126.0,131.0,28.0,6.0,60.0,191.0,42.0,11.0,8.0,23.0,77.0,14.0,43.0,3.0,105.0,39.0,68.0,14.0,0.0,204.0,192.0,27.0,4.0,11.0,19.0,91.0,39.0,39.0,39.0,17.0,0.0,59.0,124.0,3.0,28.0,34.0,145.0,32.0,14.0,21.0,5.0,58.0,5.0,12.0,5.0,56.0,5.0,38.0,27.0,1.0,1.0,22.0,94.0,19.0,25.0,0.0,15.0,13.0,5.0,4.0,212.0,16.0,26.0,28.0,26.0,0.0,13.0,6.0,11.0,6.0,2.0,3.0,2.0,8.0,16.0,8.0,41.0,0.0,9.0,14.0,23.0,13.0,10.0,18.0,36.0,1.0,20.0,7.0,393.0,0.0,0.0,25.0,9.0,7.0,0.0,3.0,5.0,23.0,22.0,4.0,1.0,0.0,0.0,0.0,0.0,1.0,7.0,2.0,40.0,4.0,3.0,3.0,1.0,29.0,1.0,14.0,16.0,2.0,8.0,14.0,6.0,23.0,8.0,4.0,68.0,8.0
15,3277.0,266.0,17.0,18.0,46.0,38.0,8.0,50.0,5.0,36.0,8.0,1.0,7.0,3.0,2.0,0.0,0.0,2.0,2.0,7.0,3.0,2.0,0.0,0.0,1.0,0.0,0.0,10.0,4.0,0.0,15.0,0.0,5.0,1.0,0.0,3.0,0.0,44.0,0.0,3.0,6.0,0.0,0.0,0.0,0.0,0.0,177.0,2.0,3.0,0.0,0.0,3.0,0.0,0.0,22.0,0.0,0.0,0.0,0.0,0.0,0.0,0.0,0.0,0.0,3.0,0.0,0.0,0.0,0.0,0.0,0.0,2.0,0.0,0.0,0.0,0.0,0.0,0.0,0.0,0.0,0.0,0.0,0.0,0.0,0.0,0.0,1.0,0.0,0.0,0.0,0.0,0.0,0.0,0.0,1.0,0.0,0.0,0.0,5.0,0.0,0.0,8.0,0.0,0.0,0.0,0.0,2.0,0.0,0.0,0.0,0.0,0.0,0.0,0.0,0.0,0.0,0.0,0.0,0.0,0.0,0.0,0.0,0.0,0.0,0.0,0.0,0.0,0.0,0.0,2.0,1.0,0.0,0.0,0.0,1.0,0.0,0.0,0.0,0.0,0.0,0.0,0.0,0.0,1.0,0.0,0.0,0.0,0.0,0.0,0.0
16,1292.0,1210.0,1675.0,1504.0,1237.0,318.0,470.0,771.0,39.0,203.0,182.0,148.0,3.0,89.0,182.0,0.0,0.0,0.0,106.0,1.0,5.0,77.0,60.0,313.0,240.0,7.0,22.0,13.0,44.0,103.0,7.0,10.0,15.0,56.0,209.0,14.0,33.0,0.0,122.0,18.0,10.0,23.0,0.0,23.0,29.0,28.0,0.0,2.0,22.0,9.0,19.0,31.0,73.0,84.0,0.0,24.0,31.0,3.0,27.0,91.0,102.0,22.0,53.0,16.0,5.0,52.0,9.0,3.0,90.0,166.0,2.0,81.0,16.0,0.0,12.0,15.0,117.0,66.0,18.0,1.0,11.0,91.0,3.0,0.0,35.0,9.0,2.0,0.0,35.0,0.0,11.0,7.0,27.0,1.0,1.0,0.0,5.0,0.0,12.0,1.0,25.0,0.0,15.0,1.0,4.0,21.0,14.0,53.0,8.0,0.0,27.0,6.0,0.0,0.0,0.0,13.0,1.0,9.0,0.0,1.0,6.0,17.0,15.0,0.0,5.0,0.0,0.0,0.0,0.0,0.0,2.0,5.0,1.0,1.0,2.0,0.0,0.0,14.0,6.0,0.0,42.0,0.0,1.0,2.0,3.0,21.0,2.0,0.0,81.0,0.0
17,2013.0,1329.0,15.0,12.0,19.0,16.0,12.0,7.0,4.0,13.0,10.0,12.0,37.0,1.0,0.0,2.0,0.0,0.0,5.0,1.0,0.0,1.0,1.0,0.0,0.0,0.0,5.0,11.0,13.0,0.0,34.0,0.0,2.0,0.0,1.0,0.0,0.0,0.0,0.0,4.0,0.0,2.0,0.0,0.0,0.0,1.0,0.0,16.0,2.0,0.0,0.0,1.0,0.0,0.0,0.0,0.0,0.0,0.0,0.0,0.0,0.0,0.0,0.0,0.0,2.0,1.0,0.0,0.0,0.0,0.0,9.0,1.0,0.0,0.0,0.0,0.0,0.0,0.0,0.0,2.0,1.0,0.0,0.0,0.0,0.0,1.0,2.0,0.0,1.0,6.0,0.0,0.0,0.0,0.0,0.0,0.0,0.0,0.0,6.0,0.0,0.0,0.0,0.0,4.0,0.0,0.0,1.0,0.0,0.0,0.0,0.0,0.0,0.0,5.0,1.0,0.0,0.0,1.0,0.0,0.0,0.0,0.0,0.0,0.0,0.0,0.0,0.0,0.0,0.0,0.0,0.0,0.0,0.0,1.0,0.0,0.0,0.0,0.0,1.0,3.0,0.0,0.0,0.0,0.0,0.0,0.0,0.0,0.0,1.0,0.0
18,2329.0,984.0,708.0,1197.0,628.0,482.0,735.0,359.0,72.0,227.0,180.0,47.0,224.0,126.0,207.0,2.0,106.0,5.0,0.0,9.0,16.0,42.0,103.0,415.0,79.0,14.0,18.0,17.0,43.0,6.0,100.0,13.0,21.0,11.0,76.0,35.0,25.0,2.0,58.0,31.0,4.0,9.0,0.0,32.0,6.0,47.0,2.0,12.0,42.0,68.0,71.0,0.0,35.0,7.0,0.0,50.0,7.0,3.0,22.0,75.0,17.0,25.0,15.0,27.0,0.0,335.0,1.0,2.0,18.0,56.0,4.0,17.0,11.0,0.0,2.0,9.0,43.0,397.0,30.0,6.0,29.0,10.0,15.0,0.0,89.0,19.0,9.0,2.0,15.0,0.0,391.0,8.0,54.0,0.0,0.0,0.0,4.0,2.0,17.0,5.0,16.0,0.0,17.0,7.0,4.0,6.0,7.0,52.0,12.0,1.0,6.0,4.0,0.0,0.0,1.0,107.0,3.0,8.0,0.0,0.0,7.0,15.0,12.0,1.0,3.0,375.0,0.0,377.0,375.0,1.0,0.0,8.0,96.0,12.0,6.0,2.0,0.0,5.0,8.0,111.0,11.0,5.0,3.0,10.0,4.0,4.0,2.0,2.0,9.0,2.0
19,1992.0,1475.0,140.0,166.0,383.0,114.0,93.0,124.0,11.0,54.0,62.0,103.0,9.0,66.0,5.0,7.0,1.0,1.0,9.0,0.0,38.0,22.0,62.0,1.0,18.0,37.0,0.0,39.0,16.0,5.0,52.0,0.0,90.0,3.0,8.0,239.0,0.0,1.0,61.0,47.0,24.0,33.0,0.0,0.0,2.0,5.0,162.0,20.0,22.0,17.0,34.0,18.0,5.0,3.0,84.0,6.0,0.0,0.0,5.0,2.0,1.0,2.0,8.0,3.0,101.0,1.0,0.0,0.0,0.0,0.0,2.0,0.0,0.0,0.0,17.0,0.0,2.0,0.0,2.0,34.0,14.0,0.0,5.0,1.0,3.0,20.0,0.0,0.0,0.0,0.0,0.0,17.0,8.0,0.0,0.0,0.0,0.0,3.0,3.0,0.0,2.0,7.0,0.0,42.0,1.0,1.0,17.0,0.0,59.0,0.0,0.0,0.0,2.0,0.0,0.0,0.0,0.0,0.0,1.0,32.0,18.0,2.0,58.0,0.0,2.0,0.0,0.0,0.0,0.0,184.0,43.0,2.0,2.0,1.0,0.0,1.0,3.0,3.0,1.0,0.0,0.0,14.0,66.0,34.0,1.0,1.0,1.0,4.0,0.0,5.0
20,2028.0,603.0,502.0,705.0,363.0,281.0,202.0,86.0,356.0,61.0,228.0,45.0,16.0,78.0,13.0,3.0,5.0,0.0,16.0,38.0,0.0,30.0,59.0,20.0,28.0,365.0,8.0,40.0,16.0,12.0,30.0,12.0,51.0,8.0,14.0,38.0,35.0,0.0,17.0,4.0,13.0,37.0,0.0,9.0,11.0,60.0,7.0,7.0,14.0,4.0,5.0,63.0,3.0,2.0,1.0,0.0,3.0,0.0,19.0,16.0,4.0,5.0,12.0,21.0,14.0,9.0,0.0,76.0,2.0,1.0,3.0,3.0,4.0,0.0,19.0,3.0,2.0,10.0,27.0,1.0,3.0,3.0,9.0,12.0,7.0,7.0,5.0,0.0,6.0,1.0,13.0,0.0,2.0,6.0,253.0,2.0,1.0,4.0,1.0,3.0,48.0,6.0,2.0,24.0,1.0,41.0,1.0,0.0,1.0,0.0,2.0,1.0,0.0,2.0,0.0,1.0,16.0,2.0,8.0,4.0,1.0,2.0,2.0,0.0,66.0,10.0,12.0,10.0,10.0,4.0,14.0,0.0,0.0,63.0,1.0,0.0,50.0,1.0,0.0,3.0,0.0,9.0,0.0,2.0,3.0,3.0,5.0,0.0,3.0,19.0
21,1703.0,957.0,1285.0,1330.0,1058.0,236.0,828.0,304.0,36.0,114.0,131.0,45.0,5.0,34.0,32.0,2.0,77.0,1.0,42.0,22.0,30.0,0.0,28.0,71.0,155.0,26.0,64.0,3.0,32.0,14.0,11.0,98.0,8.0,9.0,32.0,34.0,73.0,0.0,40.0,5.0,25.0,38.0,0.0,3.0,22.0,11.0,2.0,2.0,20.0,11.0,16.0,7.0,18.0,12.0,0.0,3.0,6.0,0.0,18.0,14.0,15.0,13.0,67.0,10.0,0.0,1.0,12.0,23.0,25.0,9.0,1.0,15.0,2.0,0.0,104.0,7.0,17.0,12.0,3.0,1.0,16.0,15.0,5.0,1.0,2.0,7.0,0.0,1.0,14.0,0.0,6.0,1.0,8.0,1.0,3.0,1.0,5.0,275.0,9.0,17.0,5.0,0.0,8.0,2.0,1.0,9.0,4.0,11.0,1.0,0.0,5.0,6.0,0.0,0.0,0.0,0.0,8.0,0.0,0.0,4.0,1.0,8.0,5.0,0.0,2.0,0.0,0.0,0.0,0.0,2.0,1.0,4.0,1.0,2.0,1.0,1.0,1.0,1.0,0.0,0.0,6.0,13.0,1.0,2.0,4.0,23.0,21.0,3.0,11.0,26.0
22,2120.0,370.0,342.0,532.0,716.0,929.0,289.0,419.0,28.0,198.0,84.0,300.0,81.0,1017.0,160.0,0.0,60.0,1.0,103.0,62.0,59.0,28.0,0.0,32.0,130.0,54.0,51.0,8.0,9.0,4.0,158.0,36.0,5.0,20.0,40.0,7.0,35.0,1.0,103.0,90.0,15.0,15.0,0.0,472.0,169.0,118.0,1.0,27.0,15.0,34.0,23.0,223.0,24.0,1.0,0.0,71.0,15.0,3.0,23.0,9.0,28.0,1.0,15.0,117.0,165.0,12.0,0.0,5.0,4.0,32.0,5.0,4.0,45.0,1.0,4.0,6.0,21.0,9.0,189.0,8.0,1.0,4.0,87.0,121.0,16.0,1.0,8.0,1.0,10.0,2.0,1.0,2.0,11.0,4.0,3.0,0.0,2.0,5.0,3.0,2.0,43.0,1.0,3.0,15.0,10.0,8.0,1.0,3.0,144.0,1.0,2.0,1.0,13.0,0.0,0.0,25.0,182.0,43.0,212.0,0.0,0.0,3.0,83.0,0.0,10.0,0.0,15.0,0.0,0.0,4.0,132.0,1.0,1.0,4.0,1.0,11.0,2.0,7.0,0.0,15.0,7.0,0.0,69.0,23.0,1.0,7.0,48.0,2.0,5.0,74.0
23,1853.0,1236.0,1605.0,1202.0,825.0,593.0,1158.0,475.0,54.0,33.0,40.0,19.0,14.0,45.0,89.0,0.0,313.0,0.0,415.0,1.0,20.0,71.0,32.0,0.0,102.0,7.0,3.0,0.0,10.0,4.0,3.0,1.0,1.0,6.0,34.0,9.0,23.0,0.0,43.0,2.0,7.0,11.0,0.0,9.0,19.0,17.0,0.0,2.0,19.0,7.0,7.0,9.0,29.0,29.0,0.0,42.0,28.0,0.0,4.0,33.0,22.0,6.0,19.0,17.0,0.0,360.0,7.0,17.0,32.0,28.0,1.0,24.0,2.0,0.0,15.0,15.0,34.0,432.0,22.0,0.0,3.0,49.0,1.0,0.0,4.0,4.0,2.0,0.0,24.0,0.0,385.0,0.0,1.0,0.0,1.0,0.0,3.0,7.0,8.0,3.0,11.0,0.0,6.0,1.0,5.0,11.0,4.0,26.0,14.0,0.0,34.0,3.0,23.0,0.0,0.0,10.0,7.0,2.0,0.0,1.0,1.0,9.0,6.0,0.0,3.0,381.0,1.0,383.0,381.0,0.0,0.0,1.0,1.0,15.0,0.0,0.0,0.0,4.0,1.0,1.0,15.0,2.0,1.0,14.0,0.0,12.0,4.0,0.0,4.0,3.0
24,1321.0,939.0,807.0,989.0,1156.0,328.0,296.0,469.0,52.0,179.0,176.0,102.0,14.0,23.0,126.0,1.0,240.0,0.0,79.0,18.0,28.0,155.0,130.0,102.0,0.0,30.0,17.0,17.0,72.0,81.0,11.0,8.0,22.0,32.0,69.0,67.0,11.0,1.0,98.0,16.0,25.0,59.0,0.0,6.0,65.0,14.0,3.0,4.0,54.0,46.0,8.0,7.0,21.0,54.0,2.0,10.0,14.0,5.0,31.0,70.0,74.0,32.0,51.0,5.0,3.0,8.0,18.0,3.0,55.0,26.0,7.0,47.0,11.0,0.0,75.0,31.0,87.0,11.0,4.0,0.0,21.0,45.0,10.0,1.0,7.0,41.0,4.0,4.0,21.0,0.0,10.0,11.0,8.0,3.0,7.0,5.0,9.0,9.0,13.0,9.0,6.0,1.0,29.0,1.0,1.0,12.0,12.0,16.0,3.0,0.0,4.0,12.0,0.0,0.0,0.0,7.0,46.0,3.0,0.0,2.0,7.0,10.0,25.0,0.0,16.0,0.0,0.0,0.0,0.0,7.0,2.0,12.0,3.0,3.0,6.0,0.0,1.0,11.0,4.0,3.0,26.0,2.0,1.0,1.0,1.0,12.0,23.0,2.0,71.0,49.0
25,1963.0,744.0,415.0,658.0,438.0,435.0,272.0,206.0,102.0,21.0,250.0,41.0,10.0,231.0,131.0,0.0,7.0,0.0,14.0,37.0,365.0,26.0,54.0,7.0,30.0,0.0,37.0,1.0,23.0,9.0,36.0,32.0,5.0,0.0,24.0,173.0,9.0,0.0,12.0,0.0,11.0,30.0,0.0,150.0,14.0,11.0,11.0,2.0,8.0,10.0,81.0,46.0,1.0,5.0,1.0,22.0,1.0,0.0,2.0,7.0,1.0,5.0,1.0,29.0,0.0,1.0,0.0,35.0,0.0,2.0,0.0,5.0,10.0,0.0,23.0,5.0,5.0,0.0,32.0,1.0,0.0,4.0,18.0,10.0,120.0,9.0,0.0,0.0,9.0,1.0,1.0,1.0,17.0,1.0,2.0,1.0,0.0,5.0,7.0,2.0,3.0,3.0,0.0,0.0,3.0,2.0,1.0,0.0,2.0,0.0,4.0,1.0,0.0,0.0,0.0,4.0,21.0,6.0,0.0,5.0,0.0,4.0,3.0,1.0,5.0,0.0,0.0,0.0,0.0,10.0,0.0,0.0,0.0,41.0,0.0,0.0,3.0,3.0,2.0,0.0,0.0,16.0,0.0,4.0,0.0,2.0,5.0,2.0,0.0,4.0
26,1507.0,881.0,387.0,490.0,392.0,338.0,308.0,156.0,96.0,78.0,20.0,35.0,12.0,70.0,28.0,0.0,22.0,5.0,18.0,0.0,8.0,64.0,51.0,3.0,17.0,37.0,0.0,0.0,12.0,3.0,94.0,401.0,0.0,46.0,34.0,3.0,9.0,0.0,13.0,1.0,15.0,8.0,0.0,33.0,25.0,3.0,0.0,0.0,13.0,86.0,4.0,3.0,7.0,2.0,0.0,10.0,4.0,3.0,23.0,3.0,28.0,61.0,5.0,8.0,1.0,1.0,8.0,9.0,1.0,6.0,1.0,2.0,6.0,0.0,8.0,64.0,8.0,2.0,19.0,0.0,0.0,1.0,9.0,10.0,10.0,0.0,0.0,3.0,3.0,0.0,2.0,0.0,9.0,77.0,0.0,2.0,57.0,1.0,1.0,0.0,1.0,0.0,14.0,30.0,5.0,3.0,2.0,0.0,1.0,1.0,1.0,61.0,0.0,0.0,3.0,11.0,7.0,4.0,0.0,0.0,0.0,4.0,2.0,0.0,0.0,0.0,0.0,0.0,0.0,1.0,0.0,0.0,0.0,8.0,0.0,60.0,1.0,4.0,0.0,7.0,13.0,0.0,0.0,3.0,2.0,3.0,0.0,0.0,7.0,0.0
27,1674.0,640.0,236.0,150.0,292.0,66.0,66.0,55.0,22.0,61.0,48.0,59.0,13.0,7.0,6.0,10.0,13.0,11.0,17.0,39.0,40.0,3.0,8.0,0.0,17.0,1.0,0.0,0.0,21.0,0.0,5.0,0.0,384.0,19.0,12.0,22.0,0.0,1.0,10.0,19.0,13.0,5.0,0.0,2.0,0.0,5.0,157.0,587.0,14.0,2.0,0.0,5.0,1.0,2.0,75.0,0.0,0.0,0.0,5.0,5.0,1.0,19.0,12.0,1.0,2.0,1.0,8.0,0.0,0.0,2.0,3.0,4.0,0.0,1.0,1.0,3.0,2.0,0.0,0.0,269.0,121.0,0.0,1.0,0.0,0.0,0.0,1.0,0.0,0.0,385.0,0.0,73.0,2.0,0.0,0.0,0.0,1.0,0.0,5.0,0.0,0.0,106.0,0.0,0.0,0.0,0.0,4.0,1.0,0.0,0.0,0.0,0.0,0.0,1.0,0.0,3.0,1.0,6.0,1.0,1.0,78.0,1.0,0.0,0.0,1.0,0.0,0.0,0.0,0.0,20.0,0.0,66.0,3.0,0.0,58.0,0.0,1.0,3.0,72.0,0.0,3.0,1.0,8.0,1.0,3.0,0.0,0.0,0.0,0.0,0.0
28,221.0,547.0,364.0,293.0,488.0,267.0,287.0,274.0,55.0,231.0,204.0,107.0,23.0,20.0,60.0,4.0,44.0,13.0,43.0,16.0,16.0,32.0,9.0,10.0,72.0,23.0,12.0,21.0,0.0,3.0,24.0,23.0,28.0,9.0,30.0,44.0,6.0,1.0,22.0,26.0,24.0,20.0,0.0,7.0,3.0,14.0,4.0,9.0,46.0,7.0,11.0,15.0,1.0,18.0,1.0,5.0,14.0,2.0,20.0,14.0,21.0,11.0,30.0,9.0,2.0,13.0,3.0,2.0,5.0,5.0,3.0,13.0,3.0,3.0,9.0,5.0,12.0,3.0,7.0,0.0,16.0,15.0,4.0,4.0,7.0,10.0,15.0,1.0,4.0,5.0,7.0,17.0,8.0,0.0,2.0,0.0,2.0,8.0,7.0,5.0,0.0,2.0,14.0,2.0,4.0,10.0,32.0,7.0,1.0,3.0,6.0,2.0,0.0,0.0,0.0,5.0,3.0,1.0,1.0,11.0,5.0,5.0,9.0,0.0,4.0,0.0,0.0,0.0,0.0,5.0,3.0,5.0,7.0,5.0,12.0,4.0,2.0,21.0,8.0,10.0,15.0,4.0,6.0,3.0,4.0,5.0,5.0,2.0,3.0,7.0
29,464.0,1531.0,187.0,1683.0,1105.0,46.0,189.0,366.0,7.0,232.0,21.0,48.0,11.0,99.0,191.0,0.0,103.0,0.0,6.0,5.0,12.0,14.0,4.0,4.0,81.0,9.0,3.0,0.0,3.0,0.0,10.0,142.0,1.0,0.0,3.0,7.0,2.0,0.0,3.0,8.0,5.0,6.0,0.0,5.0,6.0,0.0,1.0,1.0,0.0,0.0,7.0,2.0,6.0,7.0,2.0,0.0,2.0,4.0,0.0,5.0,88.0,5.0,4.0,0.0,0.0,4.0,0.0,0.0,4.0,0.0,2.0,9.0,59.0,0.0,7.0,0.0,77.0,0.0,0.0,0.0,1.0,1.0,0.0,43.0,2.0,1.0,0.0,0.0,0.0,0.0,0.0,2.0,0.0,6.0,1.0,90.0,0.0,1.0,0.0,6.0,0.0,0.0,3.0,0.0,0.0,0.0,2.0,0.0,4.0,0.0,0.0,0.0,0.0,0.0,0.0,3.0,0.0,0.0,0.0,1.0,0.0,0.0,3.0,308.0,0.0,0.0,0.0,0.0,0.0,0.0,0.0,0.0,1.0,0.0,0.0,0.0,0.0,1.0,0.0,0.0,0.0,1.0,1.0,0.0,0.0,8.0,2.0,2.0,74.0,3.0
30,1887.0,524.0,117.0,202.0,236.0,260.0,238.0,274.0,21.0,156.0,81.0,136.0,362.0,165.0,42.0,15.0,7.0,34.0,100.0,52.0,30.0,11.0,158.0,3.0,11.0,36.0,94.0,5.0,24.0,10.0,0.0,43.0,2.0,1.0,29.0,4.0,0.0,4.0,33.0,44.0,3.0,5.0,0.0,179.0,1.0,25.0,2.0,5.0,12.0,6.0,12.0,38.0,2.0,3.0,2.0,2.0,1.0,5.0,10.0,8.0,4.0,4.0,2.0,17.0,123.0,6.0,0.0,3.0,0.0,3.0,53.0,1.0,43.0,0.0,2.0,3.0,5.0,0.0,37.0,1.0,1.0,1.0,49.0,1.0,14.0,4.0,84.0,2.0,2.0,0.0,1.0,2.0,7.0,0.0,0.0,0.0,2.0,0.0,3.0,1.0,8.0,9.0,1.0,101.0,2.0,0.0,3.0,0.0,72.0,0.0,1.0,0.0,0.0,2.0,3.0,77.0,49.0,11.0,72.0,3.0,2.0,1.0,3.0,0.0,1.0,0.0,0.0,0.0,0.0,0.0,53.0,1.0,76.0,2.0,2.0,0.0,0.0,3.0,0.0,11.0,2.0,0.0,4.0,2.0,6.0,0.0,0.0,3.0,7.0,2.0
31,1215.0,1228.0,420.0,493.0,380.0,215.0,386.0,227.0,49.0,66.0,15.0,54.0,5.0,153.0,11.0,0.0,10.0,0.0,13.0,0.0,12.0,98.0,36.0,1.0,8.0,32.0,401.0,0.0,23.0,142.0,43.0,0.0,1.0,2.0,19.0,0.0,5.0,0.0,6.0,1.0,4.0,3.0,0.0,24.0,10.0,2.0,0.0,0.0,3.0,5.0,4.0,16.0,6.0,3.0,0.0,9.0,5.0,0.0,7.0,4.0,11.0,7.0,4.0,8.0,0.0,0.0,1.0,0.0,3.0,4.0,3.0,5.0,52.0,0.0,22.0,2.0,8.0,1.0,5.0,0.0,0.0,0.0,21.0,35.0,23.0,0.0,1.0,2.0,5.0,0.0,5.0,0.0,6.0,49.0,0.0,23.0,0.0,0.0,24.0,0.0,23.0,0.0,4.0,7.0,0.0,2.0,1.0,0.0,11.0,0.0,5.0,5.0,0.0,0.0,8.0,4.0,7.0,0.0,0.0,0.0,0.0,7.0,0.0,0.0,0.0,0.0,0.0,0.0,0.0,0.0,2.0,0.0,0.0,1.0,0.0,0.0,4.0,3.0,0.0,0.0,0.0,0.0,0.0,8.0,0.0,2.0,0.0,0.0,4.0,0.0
32,1251.0,844.0,301.0,191.0,440.0,108.0,81.0,70.0,4.0,53.0,61.0,55.0,8.0,1.0,8.0,5.0,15.0,2.0,21.0,90.0,51.0,8.0,5.0,1.0,22.0,5.0,0.0,384.0,28.0,1.0,2.0,1.0,0.0,17.0,13.0,17.0,0.0,86.0,8.0,8.0,14.0,6.0,0.0,1.0,0.0,3.0,89.0,70.0,15.0,0.0,0.0,5.0,6.0,0.0,149.0,2.0,0.0,0.0,10.0,5.0,2.0,20.0,6.0,1.0,2.0,1.0,10.0,0.0,4.0,3.0,0.0,5.0,0.0,0.0,1.0,3.0,0.0,0.0,0.0,111.0,74.0,0.0,0.0,0.0,2.0,0.0,1.0,0.0,1.0,4.0,0.0,40.0,0.0,0.0,3.0,0.0,2.0,0.0,3.0,0.0,0.0,100.0,0.0,1.0,0.0,0.0,8.0,0.0,0.0,0.0,0.0,0.0,0.0,0.0,1.0,0.0,0.0,0.0,0.0,0.0,97.0,1.0,0.0,0.0,2.0,0.0,0.0,0.0,0.0,14.0,0.0,53.0,0.0,0.0,73.0,0.0,2.0,3.0,86.0,2.0,3.0,1.0,4.0,1.0,0.0,0.0,0.0,0.0,0.0,0.0
33,663.0,542.0,665.0,481.0,751.0,153.0,249.0,128.0,178.0,48.0,43.0,21.0,15.0,16.0,23.0,1.0,56.0,0.0,11.0,3.0,8.0,9.0,20.0,6.0,32.0,0.0,46.0,19.0,9.0,0.0,1.0,2.0,17.0,0.0,20.0,10.0,2.0,0.0,28.0,0.0,6.0,13.0,0.0,11.0,3.0,4.0,0.0,0.0,12.0,257.0,1.0,4.0,12.0,62.0,0.0,0.0,7.0,1.0,27.0,10.0,2.0,333.0,17.0,2.0,0.0,6.0,604.0,5.0,4.0,10.0,1.0,16.0,1.0,0.0,13.0,261.0,6.0,10.0,2.0,0.0,11.0,9.0,7.0,0.0,0.0,2.0,2.0,0.0,3.0,0.0,0.0,12.0,1.0,0.0,0.0,0.0,330.0,0.0,18.0,3.0,1.0,0.0,12.0,0.0,13.0,1.0,1.0,3.0,1.0,2.0,0.0,232.0,1.0,0.0,0.0,1.0,0.0,1.0,0.0,0.0,10.0,98.0,1.0,0.0,0.0,0.0,0.0,0.0,0.0,0.0,0.0,14.0,0.0,0.0,21.0,253.0,3.0,7.0,6.0,0.0,77.0,2.0,1.0,12.0,7.0,3.0,0.0,0.0,1.0,0.0
34,1057.0,598.0,613.0,676.0,733.0,281.0,292.0,174.0,48.0,70.0,95.0,160.0,17.0,63.0,77.0,0.0,209.0,1.0,76.0,8.0,14.0,32.0,40.0,34.0,69.0,24.0,34.0,12.0,30.0,3.0,29.0,19.0,13.0,20.0,0.0,13.0,57.0,1.0,204.0,9.0,5.0,9.0,0.0,21.0,4.0,13.0,4.0,3.0,35.0,4.0,7.0,10.0,15.0,4.0,0.0,5.0,8.0,0.0,17.0,101.0,27.0,29.0,11.0,13.0,1.0,16.0,8.0,4.0,26.0,246.0,7.0,37.0,5.0,0.0,4.0,15.0,9.0,9.0,16.0,0.0,14.0,9.0,11.0,0.0,8.0,6.0,2.0,0.0,24.0,0.0,2.0,8.0,11.0,1.0,1.0,3.0,11.0,0.0,56.0,0.0,12.0,2.0,2.0,9.0,3.0,4.0,4.0,26.0,16.0,0.0,22.0,13.0,1.0,0.0,0.0,2.0,4.0,4.0,1.0,4.0,4.0,6.0,18.0,1.0,1.0,0.0,0.0,0.0,0.0,1.0,2.0,4.0,8.0,1.0,0.0,0.0,1.0,75.0,3.0,4.0,5.0,5.0,5.0,7.0,9.0,14.0,2.0,2.0,3.0,4.0
35,949.0,716.0,351.0,396.0,706.0,116.0,117.0,154.0,18.0,61.0,56.0,64.0,11.0,19.0,14.0,3.0,14.0,0.0,35.0,239.0,38.0,34.0,7.0,9.0,67.0,173.0,3.0,22.0,44.0,7.0,4.0,0.0,17.0,10.0,13.0,0.0,7.0,0.0,9.0,9.0,25.0,111.0,0.0,1.0,17.0,4.0,58.0,7.0,8.0,39.0,309.0,20.0,7.0,6.0,22.0,116.0,4.0,0.0,11.0,8.0,3.0,13.0,13.0,2.0,1.0,10.0,2.0,0.0,2.0,5.0,3.0,10.0,1.0,0.0,31.0,4.0,4.0,0.0,1.0,8.0,7.0,4.0,2.0,0.0,2.0,276.0,1.0,1.0,6.0,1.0,2.0,5.0,59.0,0.0,6.0,0.0,2.0,2.0,5.0,1.0,0.0,4.0,4.0,0.0,0.0,1.0,3.0,1.0,1.0,0.0,4.0,2.0,0.0,0.0,0.0,1.0,1.0,0.0,0.0,6.0,4.0,4.0,2.0,1.0,21.0,0.0,0.0,0.0,0.0,116.0,0.0,1.0,4.0,3.0,2.0,0.0,2.0,1.0,8.0,1.0,1.0,24.0,3.0,4.0,1.0,1.0,1.0,1.0,0.0,7.0
36,1288.0,491.0,534.0,393.0,297.0,295.0,249.0,64.0,61.0,0.0,4.0,45.0,1.0,41.0,43.0,0.0,33.0,0.0,25.0,0.0,35.0,73.0,35.0,23.0,11.0,9.0,9.0,0.0,6.0,2.0,0.0,5.0,0.0,2.0,57.0,7.0,0.0,0.0,7.0,0.0,2.0,10.0,0.0,16.0,5.0,5.0,0.0,0.0,6.0,2.0,1.0,14.0,2.0,5.0,0.0,10.0,12.0,0.0,0.0,5.0,6.0,0.0,3.0,18.0,0.0,24.0,1.0,45.0,4.0,13.0,0.0,2.0,0.0,0.0,9.0,0.0,2.0,0.0,8.0,0.0,0.0,3.0,12.0,0.0,3.0,14.0,0.0,0.0,7.0,0.0,1.0,0.0,4.0,2.0,0.0,0.0,1.0,2.0,3.0,0.0,7.0,0.0,0.0,2.0,2.0,14.0,0.0,0.0,3.0,0.0,3.0,0.0,0.0,0.0,0.0,6.0,0.0,0.0,0.0,0.0,0.0,0.0,1.0,0.0,1.0,0.0,0.0,0.0,0.0,0.0,0.0,0.0,2.0,14.0,0.0,0.0,0.0,1.0,0.0,2.0,0.0,0.0,0.0,9.0,74.0,1.0,0.0,0.0,3.0,2.0
37,1314.0,62.0,18.0,17.0,286.0,12.0,5.0,5.0,5.0,12.0,2.0,5.0,10.0,0.0,3.0,44.0,0.0,0.0,2.0,1.0,0.0,0.0,1.0,0.0,1.0,0.0,0.0,1.0,1.0,0.0,4.0,0.0,86.0,0.0,1.0,0.0,0.0,0.0,0.0,1.0,1.0,1.0,0.0,0.0,0.0,1.0,1.0,15.0,2.0,0.0,0.0,1.0,0.0,0.0,0.0,0.0,0.0,0.0,0.0,0.0,2.0,0.0,1.0,0.0,1.0,2.0,0.0,0.0,0.0,0.0,2.0,0.0,0.0,0.0,2.0,0.0,0.0,0.0,1.0,0.0,0.0,0.0,0.0,1.0,0.0,0.0,0.0,0.0,0.0,0.0,0.0,0.0,0.0,0.0,0.0,0.0,0.0,0.0,0.0,0.0,0.0,4.0,0.0,0.0,0.0,0.0,0.0,0.0,1.0,0.0,0.0,0.0,0.0,0.0,0.0,0.0,0.0,0.0,1.0,0.0,0.0,0.0,0.0,0.0,1.0,0.0,0.0,0.0,0.0,0.0,1.0,0.0,6.0,0.0,1.0,0.0,0.0,2.0,0.0,0.0,0.0,0.0,0.0,1.0,1.0,1.0,0.0,0.0,0.0,0.0
38,1024.0,619.0,577.0,411.0,723.0,244.0,224.0,222.0,29.0,64.0,70.0,190.0,7.0,114.0,105.0,0.0,122.0,0.0,58.0,61.0,17.0,40.0,103.0,43.0,98.0,12.0,13.0,10.0,22.0,3.0,33.0,6.0,8.0,28.0,204.0,9.0,7.0,0.0,0.0,7.0,14.0,4.0,0.0,7.0,29.0,15.0,1.0,2.0,22.0,9.0,15.0,19.0,23.0,8.0,0.0,19.0,34.0,0.0,20.0,205.0,32.0,14.0,9.0,6.0,72.0,4.0,14.0,4.0,22.0,49.0,3.0,26.0,3.0,0.0,0.0,9.0,6.0,21.0,7.0,0.0,3.0,12.0,6.0,3.0,9.0,4.0,4.0,0.0,24.0,1.0,4.0,4.0,13.0,2.0,0.0,1.0,11.0,0.0,15.0,1.0,11.0,1.0,23.0,10.0,1.0,5.0,3.0,29.0,95.0,0.0,18.0,2.0,1.0,0.0,0.0,9.0,0.0,2.0,12.0,1.0,4.0,8.0,82.0,0.0,3.0,0.0,0.0,0.0,0.0,0.0,0.0,4.0,1.0,2.0,1.0,0.0,0.0,7.0,2.0,2.0,5.0,1.0,61.0,2.0,1.0,6.0,0.0,0.0,16.0,2.0
39,1181.0,717.0,104.0,125.0,309.0,101.0,59.0,281.0,3.0,56.0,37.0,44.0,50.0,86.0,39.0,3.0,18.0,4.0,31.0,47.0,4.0,5.0,90.0,2.0,16.0,0.0,1.0,19.0,26.0,8.0,44.0,1.0,8.0,0.0,9.0,9.0,0.0,1.0,7.0,0.0,13.0,18.0,0.0,18.0,0.0,27.0,5.0,23.0,17.0,2.0,3.0,31.0,7.0,2.0,3.0,1.0,2.0,1.0,9.0,1.0,2.0,1.0,19.0,9.0,10.0,3.0,0.0,0.0,1.0,1.0,3.0,4.0,1.0,0.0,1.0,1.0,2.0,0.0,44.0,7.0,6.0,1.0,33.0,4.0,1.0,0.0,7.0,0.0,2.0,3.0,0.0,9.0,1.0,14.0,0.0,1.0,1.0,0.0,1.0,1.0,11.0,3.0,2.0,1.0,1.0,0.0,2.0,0.0,2.0,0.0,0.0,0.0,0.0,0.0,0.0,1.0,34.0,13.0,12.0,96.0,3.0,1.0,2.0,0.0,0.0,0.0,0.0,0.0,0.0,1.0,1.0,2.0,0.0,1.0,1.0,0.0,0.0,1.0,3.0,3.0,1.0,0.0,13.0,30.0,1.0,0.0,0.0,37.0,2.0,5.0
40,985.0,734.0,85.0,234.0,408.0,207.0,37.0,92.0,105.0,36.0,44.0,42.0,9.0,44.0,68.0,6.0,10.0,0.0,4.0,24.0,13.0,25.0,15.0,7.0,25.0,11.0,15.0,13.0,24.0,5.0,3.0,4.0,14.0,6.0,5.0,25.0,2.0,1.0,14.0,13.0,0.0,58.0,0.0,11.0,48.0,0.0,14.0,6.0,17.0,10.0,11.0,7.0,5.0,18.0,9.0,2.0,4.0,14.0,20.0,3.0,31.0,5.0,21.0,3.0,1.0,1.0,0.0,1.0,0.0,0.0,6.0,12.0,0.0,0.0,1.0,17.0,2.0,1.0,2.0,6.0,4.0,2.0,12.0,0.0,0.0,4.0,6.0,1.0,3.0,1.0,1.0,6.0,5.0,3.0,1.0,3.0,1.0,0.0,2.0,2.0,0.0,0.0,0.0,3.0,0.0,0.0,4.0,13.0,0.0,6.0,0.0,1.0,0.0,0.0,0.0,1.0,0.0,6.0,2.0,7.0,3.0,3.0,6.0,0.0,2.0,0.0,0.0,0.0,0.0,9.0,0.0,7.0,1.0,5.0,1.0,3.0,1.0,1.0,2.0,7.0,2.0,0.0,1.0,2.0,15.0,0.0,0.0,2.0,9.0,1.0
41,947.0,590.0,322.0,376.0,596.0,152.0,137.0,231.0,25.0,42.0,56.0,43.0,6.0,20.0,14.0,0.0,23.0,2.0,9.0,33.0,37.0,38.0,15.0,11.0,59.0,30.0,8.0,5.0,20.0,6.0,5.0,3.0,6.0,13.0,9.0,111.0,10.0,1.0,4.0,18.0,58.0,0.0,0.0,1.0,6.0,12.0,16.0,3.0,47.0,0.0,66.0,5.0,2.0,6.0,4.0,3.0,4.0,67.0,7.0,13.0,4.0,6.0,42.0,6.0,2.0,1.0,3.0,1.0,0.0,10.0,0.0,11.0,1.0,0.0,44.0,8.0,7.0,0.0,1.0,3.0,4.0,4.0,15.0,0.0,2.0,57.0,2.0,2.0,2.0,1.0,1.0,2.0,2.0,7.0,16.0,4.0,1.0,6.0,1.0,8.0,2.0,0.0,1.0,2.0,0.0,2.0,2.0,0.0,0.0,6.0,0.0,8.0,0.0,0.0,0.0,0.0,2.0,3.0,2.0,6.0,3.0,25.0,7.0,2.0,3.0,0.0,3.0,0.0,0.0,12.0,0.0,5.0,0.0,2.0,0.0,0.0,5.0,1.0,2.0,0.0,0.0,1.0,3.0,3.0,7.0,2.0,2.0,3.0,0.0,6.0
42,1331.0,1276.0,0.0,0.0,0.0,0.0,0.0,0.0,0.0,0.0,0.0,0.0,0.0,0.0,0.0,0.0,0.0,0.0,0.0,0.0,0.0,0.0,0.0,0.0,0.0,0.0,0.0,0.0,0.0,0.0,0.0,0.0,0.0,0.0,0.0,0.0,0.0,0.0,0.0,0.0,0.0,0.0,0.0,0.0,0.0,0.0,0.0,0.0,0.0,0.0,0.0,0.0,0.0,0.0,0.0,0.0,0.0,0.0,0.0,0.0,0.0,0.0,0.0,0.0,0.0,0.0,0.0,0.0,0.0,0.0,0.0,0.0,0.0,0.0,0.0,0.0,0.0,0.0,0.0,0.0,0.0,0.0,0.0,0.0,0.0,0.0,0.0,0.0,0.0,0.0,0.0,0.0,0.0,0.0,0.0,0.0,0.0,0.0,0.0,0.0,0.0,0.0,0.0,0.0,0.0,0.0,0.0,0.0,0.0,0.0,0.0,0.0,0.0,0.0,0.0,0.0,0.0,0.0,0.0,0.0,0.0,0.0,0.0,0.0,0.0,0.0,0.0,0.0,0.0,0.0,0.0,0.0,0.0,0.0,0.0,0.0,0.0,0.0,0.0,0.0,0.0,0.0,0.0,0.0,0.0,0.0,0.0,0.0,0.0,0.0
43,1254.0,572.0,114.0,307.0,331.0,481.0,506.0,121.0,22.0,138.0,19.0,81.0,26.0,997.0,204.0,0.0,23.0,0.0,32.0,0.0,9.0,3.0,472.0,9.0,6.0,150.0,33.0,2.0,7.0,5.0,179.0,24.0,1.0,11.0,21.0,1.0,16.0,0.0,7.0,18.0,11.0,1.0,0.0,0.0,22.0,264.0,0.0,9.0,10.0,22.0,6.0,138.0,9.0,8.0,0.0,5.0,0.0,0.0,3.0,2.0,21.0,1.0,3.0,85.0,29.0,9.0,0.0,0.0,2.0,12.0,2.0,4.0,32.0,0.0,2.0,0.0,0.0,2.0,2.0,0.0,0.0,5.0,11.0,3.0,178.0,0.0,1.0,0.0,8.0,0.0,0.0,0.0,11.0,0.0,0.0,0.0,0.0,0.0,1.0,0.0,16.0,0.0,2.0,3.0,11.0,0.0,0.0,0.0,2.0,1.0,1.0,0.0,11.0,0.0,0.0,20.0,22.0,218.0,135.0,0.0,0.0,2.0,24.0,0.0,0.0,0.0,0.0,0.0,0.0,0.0,111.0,0.0,0.0,2.0,0.0,11.0,0.0,3.0,0.0,7.0,2.0,0.0,1.0,9.0,0.0,2.0,0.0,0.0,11.0,1.0
44,887.0,544.0,454.0,545.0,315.0,886.0,314.0,116.0,109.0,44.0,35.0,19.0,6.0,55.0,192.0,0.0,29.0,0.0,6.0,2.0,11.0,22.0,169.0,19.0,65.0,14.0,25.0,0.0,3.0,6.0,1.0,10.0,0.0,3.0,4.0,17.0,5.0,0.0,29.0,0.0,48.0,6.0,0.0,22.0,0.0,2.0,0.0,0.0,4.0,26.0,20.0,4.0,3.0,17.0,0.0,71.0,173.0,0.0,3.0,4.0,31.0,1.0,4.0,2.0,0.0,0.0,1.0,1.0,47.0,4.0,0.0,2.0,3.0,0.0,2.0,0.0,42.0,7.0,18.0,0.0,0.0,1.0,0.0,0.0,0.0,23.0,2.0,1.0,1.0,0.0,3.0,0.0,29.0,0.0,3.0,0.0,0.0,2.0,0.0,2.0,0.0,0.0,1.0,0.0,0.0,3.0,2.0,6.0,3.0,1.0,3.0,0.0,0.0,0.0,0.0,11.0,59.0,0.0,0.0,3.0,1.0,1.0,1.0,0.0,5.0,0.0,0.0,0.0,0.0,1.0,0.0,0.0,1.0,0.0,0.0,0.0,0.0,0.0,0.0,8.0,0.0,2.0,1.0,14.0,0.0,3.0,9.0,0.0,0.0,39.0
45,1000.0,569.0,234.0,284.0,181.0,223.0,607.0,149.0,41.0,72.0,63.0,64.0,18.0,303.0,27.0,0.0,28.0,1.0,47.0,5.0,60.0,11.0,118.0,17.0,14.0,11.0,3.0,5.0,14.0,0.0,25.0,2.0,3.0,4.0,13.0,4.0,5.0,1.0,15.0,27.0,0.0,12.0,0.0,264.0,2.0,0.0,5.0,8.0,6.0,15.0,0.0,51.0,3.0,17.0,0.0,7.0,5.0,0.0,16.0,5.0,12.0,7.0,27.0,25.0,2.0,11.0,0.0,39.0,4.0,5.0,0.0,6.0,9.0,0.0,0.0,0.0,0.0,1.0,63.0,0.0,0.0,12.0,7.0,2.0,8.0,6.0,21.0,0.0,7.0,1.0,1.0,0.0,1.0,7.0,0.0,0.0,0.0,1.0,0.0,1.0,93.0,0.0,0.0,14.0,1.0,43.0,0.0,10.0,2.0,0.0,1.0,1.0,0.0,0.0,0.0,4.0,10.0,275.0,3.0,0.0,0.0,4.0,1.0,0.0,1.0,0.0,0.0,0.0,0.0,2.0,16.0,0.0,3.0,3.0,0.0,0.0,1.0,2.0,1.0,3.0,2.0,0.0,5.0,0.0,1.0,1.0,1.0,1.0,2.0,2.0
46,850.0,544.0,44.0,63.0,136.0,32.0,24.0,26.0,0.0,22.0,27.0,16.0,4.0,1.0,4.0,177.0,0.0,0.0,2.0,162.0,7.0,2.0,1.0,0.0,3.0,11.0,0.0,157.0,4.0,1.0,2.0,0.0,89.0,0.0,4.0,58.0,0.0,1.0,1.0,5.0,14.0,16.0,0.0,0.0,0.0,5.0,0.0,35.0,3.0,6.0,7.0,2.0,2.0,0.0,10.0,3.0,0.0,0.0,3.0,0.0,0.0,0.0,1.0,0.0,0.0,0.0,0.0,0.0,0.0,1.0,2.0,0.0,0.0,0.0,3.0,0.0,0.0,0.0,0.0,117.0,11.0,0.0,3.0,0.0,2.0,3.0,0.0,0.0,0.0,0.0,0.0,6.0,3.0,0.0,0.0,0.0,1.0,0.0,53.0,0.0,0.0,3.0,0.0,0.0,0.0,0.0,4.0,0.0,0.0,0.0,0.0,0.0,2.0,0.0,0.0,0.0,0.0,2.0,0.0,1.0,23.0,0.0,0.0,0.0,1.0,0.0,0.0,0.0,0.0,117.0,2.0,1.0,0.0,0.0,1.0,0.0,1.0,5.0,0.0,0.0,0.0,4.0,2.0,0.0,0.0,0.0,0.0,0.0,0.0,1.0
47,978.0,358.0,134.0,61.0,56.0,49.0,41.0,23.0,4.0,42.0,23.0,77.0,15.0,21.0,11.0,2.0,2.0,16.0,12.0,20.0,7.0,2.0,27.0,2.0,4.0,2.0,0.0,587.0,9.0,1.0,5.0,0.0,70.0,0.0,3.0,7.0,0.0,15.0,2.0,23.0,6.0,3.0,0.0,9.0,0.0,8.0,35.0,0.0,4.0,14.0,0.0,2.0,5.0,0.0,35.0,0.0,0.0,1.0,3.0,0.0,0.0,5.0,1.0,1.0,43.0,6.0,1.0,0.0,0.0,0.0,4.0,1.0,0.0,2.0,0.0,1.0,0.0,0.0,1.0,150.0,20.0,1.0,0.0,0.0,0.0,2.0,6.0,0.0,0.0,283.0,0.0,7.0,5.0,0.0,0.0,0.0,0.0,1.0,0.0,1.0,1.0,77.0,1.0,1.0,0.0,0.0,1.0,2.0,1.0,0.0,0.0,0.0,0.0,1.0,6.0,1.0,1.0,9.0,0.0,0.0,16.0,2.0,0.0,1.0,1.0,0.0,1.0,0.0,0.0,18.0,2.0,5.0,2.0,1.0,6.0,0.0,0.0,1.0,6.0,0.0,0.0,0.0,14.0,1.0,2.0,0.0,1.0,0.0,1.0,1.0
48,945.0,503.0,217.0,360.0,615.0,153.0,99.0,275.0,17.0,67.0,64.0,88.0,8.0,28.0,19.0,3.0,22.0,2.0,42.0,22.0,14.0,20.0,15.0,19.0,54.0,8.0,13.0,14.0,46.0,0.0,12.0,3.0,15.0,12.0,35.0,8.0,6.0,2.0,22.0,17.0,17.0,47.0,0.0,10.0,4.0,6.0,3.0,4.0,0.0,0.0,1.0,7.0,3.0,6.0,2.0,2.0,5.0,9.0,10.0,11.0,11.0,6.0,39.0,4.0,1.0,1.0,3.0,1.0,3.0,4.0,3.0,33.0,3.0,0.0,1.0,1.0,10.0,4.0,11.0,2.0,9.0,5.0,4.0,0.0,20.0,1.0,1.0,2.0,2.0,3.0,0.0,6.0,2.0,2.0,1.0,0.0,4.0,4.0,5.0,117.0,3.0,4.0,2.0,2.0,0.0,0.0,2.0,5.0,0.0,1.0,2.0,6.0,0.0,1.0,0.0,0.0,6.0,2.0,0.0,4.0,8.0,3.0,5.0,0.0,1.0,0.0,0.0,0.0,0.0,2.0,1.0,12.0,0.0,4.0,6.0,1.0,2.0,6.0,3.0,0.0,3.0,0.0,5.0,0.0,1.0,1.0,1.0,0.0,0.0,1.0
49,890.0,481.0,368.0,359.0,465.0,517.0,353.0,90.0,37.0,57.0,22.0,3.0,6.0,52.0,91.0,0.0,9.0,0.0,68.0,17.0,4.0,11.0,34.0,7.0,46.0,10.0,86.0,2.0,7.0,0.0,6.0,5.0,0.0,257.0,4.0,39.0,2.0,0.0,9.0,2.0,10.0,0.0,0.0,22.0,26.0,15.0,6.0,14.0,0.0,0.0,5.0,1.0,0.0,1.0,9.0,6.0,2.0,0.0,8.0,21.0,25.0,313.0,2.0,5.0,1.0,14.0,178.0,1.0,2.0,9.0,0.0,2.0,3.0,0.0,0.0,375.0,1.0,3.0,6.0,0.0,19.0,0.0,5.0,0.0,0.0,31.0,1.0,1.0,1.0,1.0,1.0,2.0,21.0,0.0,2.0,0.0,260.0,0.0,1.0,1.0,3.0,1.0,7.0,0.0,1.0,0.0,1.0,1.0,5.0,0.0,0.0,248.0,0.0,0.0,0.0,13.0,1.0,4.0,0.0,0.0,0.0,115.0,3.0,0.0,0.0,0.0,0.0,0.0,0.0,11.0,0.0,0.0,0.0,0.0,1.0,301.0,0.0,4.0,1.0,8.0,112.0,3.0,1.0,3.0,5.0,3.0,3.0,0.0,0.0,1.0
50,736.0,459.0,365.0,307.0,332.0,113.0,73.0,121.0,13.0,53.0,49.0,94.0,6.0,31.0,39.0,0.0,19.0,0.0,71.0,34.0,5.0,16.0,23.0,7.0,8.0,81.0,4.0,0.0,11.0,7.0,12.0,4.0,0.0,1.0,7.0,309.0,1.0,0.0,15.0,3.0,11.0,66.0,0.0,6.0,20.0,0.0,7.0,0.0,1.0,5.0,0.0,2.0,4.0,0.0,3.0,101.0,5.0,0.0,6.0,9.0,0.0,2.0,11.0,0.0,0.0,4.0,0.0,2.0,5.0,3.0,14.0,4.0,3.0,0.0,3.0,1.0,7.0,0.0,4.0,0.0,2.0,5.0,0.0,0.0,20.0,315.0,1.0,3.0,4.0,0.0,0.0,0.0,124.0,0.0,4.0,0.0,0.0,1.0,1.0,1.0,12.0,2.0,7.0,0.0,0.0,3.0,1.0,8.0,8.0,1.0,7.0,2.0,0.0,0.0,0.0,3.0,3.0,0.0,0.0,0.0,0.0,2.0,6.0,1.0,9.0,0.0,0.0,0.0,0.0,5.0,2.0,0.0,2.0,0.0,1.0,0.0,2.0,1.0,7.0,0.0,2.0,1.0,0.0,10.0,0.0,1.0,1.0,0.0,0.0,2.0
51,928.0,351.0,180.0,139.0,241.0,326.0,229.0,115.0,46.0,131.0,17.0,38.0,38.0,256.0,39.0,3.0,31.0,1.0,0.0,18.0,63.0,7.0,223.0,9.0,7.0,46.0,3.0,5.0,15.0,2.0,38.0,16.0,5.0,4.0,10.0,20.0,14.0,1.0,19.0,31.0,7.0,5.0,0.0,138.0,4.0,51.0,2.0,2.0,7.0,1.0,2.0,0.0,2.0,2.0,0.0,3.0,5.0,1.0,5.0,4.0,8.0,0.0,2.0,13.0,23.0,1.0,1.0,43.0,5.0,8.0,0.0,4.0,46.0,0.0,0.0,0.0,2.0,0.0,37.0,3.0,2.0,0.0,71.0,0.0,1.0,0.0,6.0,0.0,2.0,0.0,0.0,0.0,7.0,0.0,0.0,0.0,2.0,0.0,1.0,0.0,50.0,0.0,7.0,4.0,1.0,44.0,0.0,1.0,9.0,0.0,2.0,0.0,0.0,23.0,0.0,0.0,48.0,4.0,131.0,1.0,2.0,2.0,23.0,0.0,2.0,0.0,0.0,0.0,0.0,0.0,108.0,2.0,3.0,2.0,0.0,0.0,0.0,8.0,1.0,0.0,1.0,1.0,2.0,1.0,24.0,0.0,0.0,0.0,0.0,1.0
52,14.0,715.0,652.0,457.0,280.0,61.0,15.0,113.0,33.0,54.0,33.0,45.0,4.0,43.0,39.0,0.0,73.0,0.0,35.0,5.0,3.0,18.0,24.0,29.0,21.0,1.0,7.0,1.0,1.0,6.0,2.0,6.0,6.0,12.0,15.0,7.0,2.0,0.0,23.0,7.0,5.0,2.0,0.0,9.0,3.0,3.0,2.0,5.0,3.0,0.0,4.0,2.0,0.0,21.0,0.0,5.0,11.0,1.0,0.0,27.0,4.0,14.0,7.0,3.0,1.0,22.0,9.0,1.0,34.0,21.0,16.0,12.0,3.0,0.0,12.0,7.0,5.0,13.0,4.0,0.0,1.0,15.0,0.0,1.0,2.0,5.0,3.0,0.0,4.0,0.0,1.0,2.0,10.0,0.0,0.0,0.0,0.0,1.0,4.0,3.0,2.0,0.0,3.0,2.0,0.0,1.0,4.0,22.0,2.0,0.0,1.0,4.0,0.0,0.0,0.0,2.0,0.0,2.0,0.0,2.0,2.0,4.0,4.0,3.0,0.0,0.0,0.0,0.0,0.0,1.0,0.0,6.0,1.0,0.0,2.0,0.0,2.0,1.0,2.0,0.0,4.0,1.0,0.0,0.0,0.0,3.0,0.0,0.0,4.0,0.0
53,592.0,631.0,252.0,263.0,259.0,160.0,80.0,222.0,34.0,96.0,122.0,12.0,1.0,17.0,17.0,0.0,84.0,0.0,7.0,3.0,2.0,12.0,1.0,29.0,54.0,5.0,2.0,2.0,18.0,7.0,3.0,3.0,0.0,62.0,4.0,6.0,5.0,0.0,8.0,2.0,18.0,6.0,0.0,8.0,17.0,17.0,0.0,0.0,6.0,1.0,0.0,2.0,21.0,0.0,0.0,0.0,0.0,59.0,16.0,2.0,0.0,15.0,16.0,5.0,0.0,14.0,5.0,0.0,2.0,0.0,0.0,17.0,1.0,0.0,8.0,5.0,7.0,4.0,1.0,0.0,1.0,22.0,0.0,0.0,1.0,3.0,0.0,24.0,3.0,0.0,2.0,0.0,0.0,1.0,1.0,0.0,0.0,1.0,5.0,0.0,8.0,0.0,2.0,2.0,0.0,6.0,3.0,3.0,0.0,19.0,7.0,3.0,0.0,0.0,0.0,0.0,0.0,1.0,0.0,1.0,0.0,1.0,1.0,0.0,1.0,0.0,0.0,0.0,0.0,0.0,0.0,0.0,1.0,0.0,0.0,0.0,0.0,6.0,1.0,1.0,8.0,2.0,0.0,0.0,0.0,8.0,2.0,0.0,9.0,2.0
54,842.0,575.0,20.0,12.0,35.0,69.0,6.0,10.0,3.0,8.0,9.0,3.0,0.0,1.0,0.0,22.0,0.0,0.0,0.0,84.0,1.0,0.0,0.0,0.0,2.0,1.0,0.0,75.0,1.0,2.0,2.0,0.0,149.0,0.0,0.0,22.0,0.0,0.0,0.0,3.0,9.0,4.0,0.0,0.0,0.0,0.0,10.0,35.0,2.0,9.0,3.0,0.0,0.0,0.0,0.0,1.0,0.0,0.0,0.0,0.0,0.0,0.0,0.0,0.0,0.0,0.0,0.0,0.0,0.0,0.0,0.0,0.0,0.0,0.0,1.0,0.0,0.0,0.0,1.0,36.0,1.0,0.0,1.0,0.0,0.0,0.0,0.0,0.0,0.0,1.0,0.0,3.0,0.0,0.0,0.0,1.0,0.0,0.0,0.0,0.0,0.0,0.0,0.0,0.0,0.0,1.0,1.0,0.0,0.0,0.0,0.0,0.0,0.0,0.0,0.0,0.0,0.0,0.0,0.0,1.0,6.0,0.0,1.0,0.0,0.0,0.0,0.0,0.0,0.0,43.0,0.0,0.0,0.0,0.0,0.0,0.0,0.0,1.0,0.0,0.0,0.0,1.0,2.0,0.0,0.0,0.0,0.0,0.0,0.0,0.0
55,858.0,331.0,386.0,322.0,221.0,174.0,110.0,120.0,4.0,17.0,19.0,71.0,0.0,42.0,59.0,0.0,24.0,0.0,50.0,6.0,0.0,3.0,71.0,42.0,10.0,22.0,10.0,0.0,5.0,0.0,2.0,9.0,2.0,0.0,5.0,116.0,10.0,0.0,19.0,1.0,2.0,3.0,0.0,5.0,71.0,7.0,3.0,0.0,2.0,6.0,101.0,3.0,5.0,0.0,1.0,0.0,11.0,0.0,4.0,7.0,11.0,7.0,5.0,1.0,0.0,14.0,0.0,3.0,66.0,12.0,4.0,2.0,4.0,0.0,1.0,1.0,18.0,0.0,17.0,0.0,1.0,4.0,0.0,0.0,5.0,22.0,0.0,0.0,3.0,0.0,1.0,1.0,55.0,0.0,2.0,0.0,0.0,1.0,0.0,0.0,6.0,2.0,1.0,0.0,0.0,1.0,0.0,8.0,0.0,0.0,1.0,1.0,38.0,0.0,0.0,3.0,3.0,2.0,1.0,0.0,0.0,3.0,0.0,0.0,2.0,0.0,0.0,0.0,0.0,1.0,7.0,1.0,0.0,0.0,0.0,0.0,1.0,1.0,0.0,0.0,1.0,1.0,0.0,2.0,0.0,0.0,1.0,0.0,2.0,0.0
