,0,1,2,3,4,5,6,7,8,9,10,11,12,13,14,15,16,17,18,19,20,21,22,23,24,25,26,27,28,29,30,31,32,33,34,35,36,37,38,39,40,41,42,43,44,45,46,47,48,49,50,51,52,53,54,55,56,57,58,59,60,61,62,63,64,65,66,67,68,69,70,71,72,73,74,75,76,77,78,79,80,81,82,83,84,85,86,87,88,89,90,91,92,93,94,95,96,97,98,99,100,101,102,103,104,105,106,107,108,109,110,111,112,113,114,115,116,117,118,119,120,121,122,123,124,125,126,127,128,129,130,131,132,133,134,135,136,137,138,139,140,141,142,143,144,145,146,147,148,149
0,0.0,19205.0,18025.0,10300.0,14599.0,9511.0,10336.0,7541.0,6906.0,6619.0,4497.0,6502.0,6378.0,3299.0,6777.0,3379.0,3664.0,4433.0,3901.0,5701.0,4384.0,3681.0,4126.0,3196.0,2589.0,3655.0,3386.0,4033.0,1632.0,2953.0,2025.0,2253.0,3188.0,2859.0,2356.0,2287.0,3594.0,3336.0,4399.0,971.0,1698.0,3143.0,1336.0,1908.0,2597.0,2072.0,2446.0,3001.0,1624.0,2184.0,1999.0,2358.0,1898.0,2067.0,326.0,2004.0,2654.0,2631.0,1670.0,1656.0,2748.0,3104.0,1108.0,2138.0,1816.0,1377.0,1266.0,1389.0,1406.0,2042.0,835.0,1889.0,1490.0,1706.0,2711.0,1482.0,1676.0,1777.0,1619.0,2345.0,2031.0,1532.0,1440.0,1589.0,1949.0,1822.0,1836.0,1304.0,1639.0,1354.0,1037.0,1883.0,1536.0,1071.0,765.0,879.0,2103.0,1530.0,1866.0,819.0,1308.0,1096.0,1572.0,1777.0,671.0,2133.0,995.0,1322.0,1325.0,1917.0,812.0,1095.0,1977.0,967.0,1166.0,1124.0,822.0,912.0,1128.0,942.0,2165.0,960.0,925.0,1194.0,955.0,869.0,1263.0,1354.0,840.0,983.0,1043.0,1594.0,1139.0,472.0,869.0,366.0,1205.0,571.0,1295.0,837.0,852.0,1172.0,1268.0,1119.0,1176.0,373.0,919.0,968.0,915.0,1013.0
1,19205.0,0.0,13512.0,14228.0,10875.0,7695.0,8385.0,4490.0,4866.0,2906.0,3828.0,4961.0,4679.0,1601.0,2386.0,1239.0,2930.0,2583.0,3303.0,4309.0,2768.0,1823.0,2009.0,1680.0,2204.0,3126.0,1718.0,2626.0,2144.0,2011.0,707.0,1094.0,3062.0,2666.0,2021.0,1036.0,3381.0,3574.0,2186.0,1490.0,1197.0,2046.0,1249.0,1830.0,1736.0,964.0,3947.0,2576.0,678.0,1621.0,1842.0,1042.0,2488.0,1685.0,102.0,1602.0,1738.0,2465.0,618.0,1682.0,1036.0,2756.0,399.0,1166.0,1393.0,1114.0,1032.0,2357.0,1149.0,1583.0,1111.0,1505.0,822.0,1146.0,1024.0,1317.0,836.0,958.0,1172.0,2073.0,871.0,1116.0,895.0,992.0,1654.0,2514.0,1484.0,766.0,1037.0,390.0,733.0,1351.0,1803.0,373.0,574.0,243.0,244.0,976.0,1250.0,464.0,917.0,995.0,1045.0,1318.0,1597.0,486.0,854.0,712.0,733.0,1111.0,487.0,857.0,1234.0,930.0,529.0,800.0,340.0,448.0,996.0,1253.0,687.0,1328.0,660.0,1245.0,558.0,481.0,382.0,609.0,482.0,706.0,1403.0,862.0,155.0,190.0,167.0,99.0,376.0,522.0,364.0,785.0,934.0,910.0,1081.0,1244.0,1013.0,680.0,717.0,1129.0,357.0,923.0
2,18025.0,13512.0,0.0,10717.0,15815.0,6314.0,6130.0,2906.0,4350.0,3780.0,3254.0,4325.0,4082.0,2053.0,5006.0,2791.0,2897.0,4948.0,3642.0,4753.0,2678.0,5089.0,3730.0,3292.0,3012.0,2321.0,2009.0,2381.0,2789.0,1973.0,1427.0,2177.0,3329.0,2548.0,1267.0,2144.0,962.0,3587.0,1943.0,3064.0,2503.0,2155.0,744.0,2031.0,3987.0,749.0,1710.0,2884.0,1437.0,1803.0,2140.0,2054.0,1800.0,2363.0,1624.0,1326.0,2230.0,2264.0,1660.0,1241.0,786.0,1689.0,1350.0,1206.0,1750.0,1673.0,964.0,1658.0,1427.0,1315.0,2304.0,2216.0,1405.0,1300.0,874.0,1316.0,1413.0,1389.0,1152.0,680.0,1281.0,946.0,584.0,1658.0,1482.0,1151.0,917.0,1334.0,1165.0,1034.0,873.0,1503.0,870.0,926.0,1808.0,556.0,723.0,877.0,2853.0,1726.0,1266.0,1300.0,1139.0,1404.0,865.0,536.0,924.0,1281.0,1409.0,1368.0,375.0,1097.0,777.0,993.0,1041.0,999.0,565.0,1087.0,1059.0,648.0,535.0,496.0,1058.0,799.0,669.0,708.0,545.0,943.0,678.0,575.0,410.0,989.0,1198.0,397.0,780.0,1562.0,681.0,339.0,1036.0,1199.0,635.0,691.0,2229.0,1021.0,659.0,254.0,933.0,465.0,620.0,1266.0
3,10300.0,14228.0,10717.0,0.0,6552.0,7465.0,4428.0,3764.0,4044.0,5242.0,2536.0,3031.0,4400.0,2369.0,2361.0,1423.0,2340.0,2522.0,2379.0,3472.0,2288.0,1548.0,3068.0,1912.0,996.0,1565.0,2248.0,1990.0,972.0,1635.0,850.0,769.0,1836.0,1735.0,981.0,1848.0,2212.0,1863.0,2188.0,1165.0,1312.0,1782.0,1092.0,1259.0,1205.0,1365.0,1108.0,1632.0,1454.0,992.0,1314.0,848.0,930.0,1345.0,1091.0,1242.0,1040.0,1384.0,1119.0,885.0,2557.0,1667.0,1712.0,862.0,749.0,1281.0,349.0,1390.0,826.0,1114.0,319.0,1008.0,643.0,415.0,800.0,1419.0,729.0,1215.0,768.0,950.0,623.0,691.0,770.0,896.0,1464.0,587.0,1048.0,484.0,671.0,654.0,630.0,602.0,938.0,776.0,402.0,512.0,1966.0,609.0,1056.0,621.0,727.0,881.0,909.0,647.0,252.0,1544.0,948.0,432.0,611.0,676.0,519.0,650.0,579.0,894.0,816.0,442.0,375.0,485.0,973.0,706.0,325.0,694.0,283.0,665.0,449.0,195.0,1019.0,431.0,574.0,674.0,161.0,317.0,220.0,1749.0,443.0,128.0,835.0,519.0,364.0,632.0,600.0,850.0,872.0,944.0,352.0,132.0,441.0,586.0,766.0,561.0
4,14599.0,10875.0,15815.0,6552.0,0.0,7729.0,27115.0,2024.0,4517.0,1804.0,3535.0,3840.0,2253.0,1625.0,1341.0,1387.0,2674.0,3346.0,2184.0,3899.0,1937.0,3062.0,2493.0,2040.0,1180.0,1741.0,1990.0,1766.0,1853.0,1845.0,1123.0,1220.0,2112.0,1931.0,1563.0,1323.0,1247.0,3365.0,1230.0,622.0,1340.0,1407.0,565.0,1696.0,3115.0,522.0,2383.0,2129.0,2005.0,932.0,1568.0,733.0,1547.0,1550.0,1106.0,1222.0,1265.0,923.0,1918.0,1016.0,738.0,982.0,1001.0,1545.0,1100.0,1366.0,1334.0,1653.0,556.0,918.0,1048.0,611.0,1287.0,649.0,521.0,1559.0,825.0,963.0,747.0,905.0,716.0,732.0,687.0,1392.0,1007.0,1035.0,1084.0,323.0,901.0,1302.0,617.0,740.0,1609.0,1112.0,391.0,1092.0,949.0,1117.0,724.0,343.0,905.0,509.0,518.0,569.0,1561.0,641.0,803.0,755.0,905.0,218.0,545.0,712.0,855.0,1127.0,616.0,371.0,426.0,811.0,623.0,1453.0,919.0,280.0,444.0,873.0,364.0,746.0,677.0,501.0,556.0,714.0,1433.0,1768.0,217.0,876.0,586.0,272.0,446.0,208.0,196.0,451.0,752.0,406.0,1303.0,538.0,1169.0,257.0,741.0,616.0,746.0,617.0
5,9511.0,7695.0,6314.0,7465.0,7729.0,0.0,6030.0,2417.0,8230.0,1289.0,2878.0,2099.0,1369.0,2654.0,876.0,2228.0,2668.0,2271.0,3484.0,1547.0,1842.0,3069.0,1511.0,2378.0,507.0,1931.0,2700.0,1353.0,2432.0,1067.0,1680.0,1194.0,987.0,816.0,1292.0,1163.0,1113.0,1851.0,1418.0,2384.0,2659.0,1039.0,1236.0,1335.0,890.0,639.0,2011.0,809.0,2002.0,988.0,591.0,971.0,1394.0,452.0,2443.0,1055.0,554.0,750.0,662.0,386.0,892.0,862.0,2648.0,767.0,647.0,1187.0,927.0,673.0,308.0,545.0,1454.0,288.0,672.0,562.0,375.0,427.0,362.0,506.0,649.0,193.0,950.0,313.0,581.0,349.0,1117.0,748.0,1076.0,294.0,1344.0,950.0,600.0,974.0,664.0,520.0,1274.0,1093.0,537.0,280.0,341.0,1736.0,536.0,900.0,440.0,502.0,1338.0,567.0,865.0,436.0,680.0,95.0,128.0,173.0,1321.0,620.0,905.0,191.0,497.0,405.0,215.0,555.0,781.0,293.0,143.0,351.0,133.0,447.0,410.0,696.0,358.0,522.0,304.0,1464.0,161.0,1772.0,140.0,1467.0,219.0,560.0,92.0,117.0,430.0,298.0,723.0,208.0,299.0,497.0,363.0,346.0,1137.0,225.0
6,10336.0,8385.0,6130.0,4428.0,27115.0,6030.0,0.0,1434.0,3150.0,1123.0,2469.0,2816.0,1495.0,1068.0,880.0,889.0,1769.0,2596.0,972.0,2880.0,1227.0,1796.0,1519.0,1185.0,791.0,878.0,1344.0,1377.0,1502.0,1399.0,715.0,870.0,1437.0,1127.0,1411.0,1023.0,922.0,2069.0,786.0,497.0,1008.0,1031.0,473.0,1069.0,1919.0,330.0,2041.0,1470.0,1566.0,611.0,790.0,575.0,1324.0,811.0,1015.0,936.0,774.0,595.0,1362.0,687.0,547.0,609.0,665.0,1181.0,869.0,949.0,1217.0,1030.0,415.0,629.0,577.0,389.0,786.0,495.0,324.0,1125.0,508.0,366.0,451.0,726.0,567.0,488.0,519.0,836.0,709.0,759.0,928.0,225.0,641.0,1151.0,395.0,462.0,1390.0,881.0,231.0,1001.0,759.0,950.0,466.0,215.0,659.0,311.0,286.0,390.0,1413.0,493.0,616.0,571.0,599.0,222.0,448.0,438.0,766.0,913.0,372.0,274.0,286.0,623.0,426.0,1349.0,751.0,185.0,253.0,659.0,238.0,644.0,405.0,365.0,398.0,570.0,1427.0,1468.0,173.0,742.0,435.0,219.0,340.0,146.0,106.0,304.0,604.0,290.0,826.0,378.0,985.0,216.0,493.0,480.0,453.0,386.0
7,7541.0,4490.0,2906.0,3764.0,2024.0,2417.0,1434.0,0.0,1752.0,5621.0,344.0,1584.0,1764.0,9084.0,1161.0,946.0,946.0,657.0,608.0,740.0,925.0,1999.0,916.0,208.0,854.0,754.0,679.0,1180.0,322.0,571.0,566.0,727.0,1354.0,881.0,208.0,298.0,345.0,467.0,1080.0,126.0,281.0,983.0,630.0,251.0,300.0,4916.0,770.0,299.0,187.0,549.0,481.0,148.0,285.0,303.0,341.0,531.0,663.0,657.0,210.0,340.0,208.0,720.0,74.0,283.0,201.0,297.0,214.0,97.0,400.0,470.0,236.0,378.0,94.0,578.0,465.0,139.0,285.0,405.0,400.0,114.0,124.0,385.0,521.0,288.0,2039.0,197.0,296.0,738.0,312.0,275.0,346.0,300.0,109.0,159.0,155.0,57.0,198.0,199.0,274.0,174.0,154.0,559.0,662.0,409.0,60.0,119.0,190.0,430.0,137.0,635.0,385.0,153.0,382.0,234.0,131.0,323.0,571.0,155.0,473.0,83.0,162.0,130.0,748.0,338.0,180.0,28.0,324.0,91.0,175.0,272.0,50.0,31.0,68.0,284.0,238.0,87.0,456.0,232.0,249.0,86.0,174.0,1075.0,355.0,207.0,144.0,23.0,159.0,242.0,71.0,347.0
8,6906.0,4866.0,4350.0,4044.0,4517.0,8230.0,3150.0,1752.0,0.0,1141.0,1347.0,1561.0,2318.0,1108.0,426.0,1640.0,2541.0,1327.0,3365.0,1121.0,917.0,1432.0,740.0,1163.0,314.0,2457.0,1275.0,641.0,901.0,660.0,918.0,849.0,597.0,973.0,617.0,363.0,1425.0,1743.0,635.0,282.0,437.0,552.0,899.0,634.0,966.0,323.0,996.0,796.0,1436.0,228.0,441.0,1197.0,146.0,703.0,150.0,1035.0,281.0,489.0,396.0,586.0,648.0,487.0,771.0,569.0,427.0,353.0,848.0,513.0,283.0,509.0,155.0,203.0,398.0,472.0,217.0,197.0,798.0,538.0,537.0,332.0,859.0,330.0,992.0,203.0,706.0,794.0,732.0,413.0,756.0,739.0,355.0,254.0,250.0,319.0,168.0,760.0,322.0,343.0,338.0,239.0,328.0,487.0,286.0,369.0,449.0,304.0,312.0,211.0,298.0,48.0,786.0,47.0,1035.0,277.0,710.0,175.0,376.0,104.0,206.0,353.0,746.0,345.0,41.0,307.0,216.0,69.0,590.0,122.0,371.0,113.0,494.0,770.0,80.0,220.0,81.0,60.0,180.0,340.0,52.0,228.0,426.0,283.0,273.0,155.0,113.0,110.0,203.0,1104.0,233.0,205.0
9,6619.0,2906.0,3780.0,5242.0,1804.0,1289.0,1123.0,5621.0,1141.0,0.0,626.0,1666.0,2104.0,4610.0,995.0,416.0,743.0,649.0,457.0,1068.0,619.0,494.0,383.0,287.0,337.0,518.0,380.0,2015.0,535.0,564.0,154.0,468.0,740.0,701.0,172.0,235.0,554.0,626.0,988.0,129.0,203.0,890.0,426.0,214.0,292.0,608.0,599.0,1748.0,127.0,441.0,584.0,205.0,750.0,241.0,39.0,700.0,395.0,822.0,299.0,472.0,452.0,1399.0,32.0,344.0,702.0,283.0,67.0,717.0,226.0,454.0,181.0,394.0,114.0,71.0,432.0,234.0,241.0,492.0,299.0,146.0,142.0,404.0,193.0,354.0,839.0,198.0,221.0,201.0,254.0,162.0,316.0,463.0,198.0,166.0,237.0,25.0,169.0,309.0,316.0,104.0,107.0,363.0,1234.0,1027.0,43.0,201.0,228.0,310.0,99.0,217.0,187.0,236.0,287.0,254.0,105.0,179.0,195.0,197.0,322.0,103.0,288.0,202.0,209.0,250.0,229.0,24.0,931.0,193.0,303.0,240.0,67.0,37.0,19.0,8.0,149.0,17.0,834.0,175.0,171.0,50.0,218.0,517.0,235.0,420.0,76.0,19.0,247.0,149.0,139.0,243.0
10,4497.0,3828.0,3254.0,2536.0,3535.0,2878.0,2469.0,344.0,1347.0,626.0,0.0,1041.0,717.0,1145.0,526.0,1485.0,624.0,911.0,1510.0,1025.0,1709.0,794.0,1724.0,3660.0,222.0,1049.0,1107.0,1507.0,787.0,567.0,256.0,238.0,316.0,1503.0,2053.0,628.0,379.0,815.0,219.0,1581.0,1054.0,1118.0,163.0,3888.0,694.0,99.0,552.0,771.0,667.0,401.0,458.0,1617.0,333.0,1352.0,828.0,508.0,685.0,233.0,406.0,273.0,153.0,614.0,1184.0,273.0,249.0,419.0,828.0,1449.0,122.0,187.0,1149.0,169.0,2114.0,187.0,87.0,90.0,201.0,147.0,337.0,1285.0,259.0,271.0,120.0,259.0,142.0,309.0,538.0,27.0,374.0,253.0,164.0,209.0,525.0,247.0,380.0,217.0,176.0,405.0,108.0,613.0,1906.0,287.0,85.0,214.0,230.0,113.0,603.0,180.0,245.0,59.0,28.0,334.0,77.0,243.0,1086.0,66.0,117.0,161.0,213.0,576.0,285.0,702.0,15.0,201.0,71.0,1121.0,38.0,211.0,333.0,57.0,490.0,429.0,25.0,706.0,198.0,502.0,185.0,52.0,61.0,349.0,146.0,83.0,206.0,209.0,411.0,707.0,67.0,144.0,483.0,118.0
11,6502.0,4961.0,4325.0,3031.0,3840.0,2099.0,2816.0,1584.0,1561.0,1666.0,1041.0,0.0,1221.0,873.0,861.0,446.0,1609.0,513.0,1081.0,1428.0,830.0,2034.0,916.0,608.0,383.0,860.0,713.0,868.0,443.0,827.0,404.0,217.0,1306.0,1135.0,348.0,314.0,808.0,1057.0,818.0,872.0,359.0,819.0,430.0,459.0,1089.0,556.0,1209.0,1060.0,528.0,600.0,816.0,364.0,326.0,544.0,138.0,669.0,1578.0,630.0,461.0,524.0,316.0,772.0,236.0,1176.0,719.0,289.0,492.0,423.0,263.0,756.0,142.0,368.0,308.0,70.0,732.0,557.0,371.0,234.0,426.0,176.0,610.0,772.0,328.0,398.0,475.0,419.0,328.0,111.0,708.0,569.0,288.0,737.0,462.0,277.0,272.0,391.0,240.0,554.0,410.0,483.0,275.0,377.0,314.0,327.0,447.0,392.0,312.0,166.0,161.0,383.0,165.0,285.0,468.0,348.0,160.0,153.0,175.0,460.0,333.0,154.0,648.0,298.0,68.0,307.0,151.0,115.0,325.0,104.0,426.0,209.0,202.0,512.0,38.0,42.0,78.0,62.0,278.0,173.0,43.0,108.0,627.0,270.0,317.0,174.0,162.0,18.0,274.0,130.0,87.0,222.0
12,6378.0,4679.0,4082.0,4400.0,2253.0,1369.0,1495.0,1764.0,2318.0,2104.0,717.0,1221.0,0.0,545.0,1138.0,847.0,1473.0,702.0,608.0,440.0,419.0,1734.0,745.0,287.0,442.0,1674.0,309.0,1139.0,412.0,514.0,241.0,251.0,558.0,586.0,648.0,141.0,533.0,527.0,919.0,180.0,235.0,657.0,1583.0,110.0,431.0,302.0,254.0,295.0,97.0,364.0,577.0,557.0,112.0,655.0,67.0,426.0,543.0,377.0,180.0,382.0,138.0,1018.0,95.0,384.0,50.0,168.0,133.0,100.0,161.0,335.0,138.0,430.0,124.0,358.0,412.0,672.0,663.0,299.0,291.0,554.0,606.0,288.0,253.0,245.0,552.0,245.0,207.0,510.0,249.0,186.0,198.0,248.0,140.0,113.0,214.0,72.0,104.0,290.0,359.0,345.0,161.0,238.0,463.0,566.0,49.0,84.0,152.0,103.0,130.0,347.0,194.0,288.0,352.0,209.0,516.0,198.0,100.0,175.0,291.0,93.0,154.0,197.0,183.0,173.0,138.0,52.0,180.0,153.0,217.0,252.0,377.0,118.0,164.0,67.0,85.0,27.0,194.0,779.0,139.0,286.0,201.0,406.0,291.0,119.0,105.0,29.0,188.0,271.0,63.0,257.0
13,3299.0,1601.0,2053.0,2369.0,1625.0,2654.0,1068.0,9084.0,1108.0,4610.0,1145.0,873.0,545.0,0.0,790.0,371.0,527.0,645.0,389.0,385.0,1273.0,509.0,594.0,1400.0,230.0,224.0,1063.0,1106.0,189.0,362.0,212.0,413.0,825.0,752.0,361.0,704.0,162.0,234.0,636.0,650.0,801.0,1011.0,242.0,874.0,174.0,4895.0,515.0,152.0,568.0,547.0,191.0,99.0,144.0,112.0,661.0,270.0,489.0,144.0,264.0,270.0,150.0,365.0,3586.0,200.0,71.0,506.0,424.0,68.0,131.0,243.0,81.0,119.0,128.0,80.0,250.0,67.0,118.0,193.0,335.0,39.0,106.0,178.0,170.0,219.0,333.0,102.0,197.0,196.0,189.0,558.0,346.0,114.0,64.0,173.0,86.0,172.0,184.0,250.0,126.0,405.0,437.0,488.0,376.0,369.0,48.0,121.0,563.0,305.0,171.0,426.0,112.0,128.0,203.0,423.0,682.0,192.0,331.0,166.0,385.0,40.0,66.0,80.0,332.0,164.0,103.0,56.0,117.0,103.0,526.0,134.0,28.0,32.0,97.0,1598.0,148.0,255.0,164.0,123.0,312.0,307.0,110.0,194.0,95.0,85.0,116.0,119.0,114.0,123.0,680.0,116.0
14,6777.0,2386.0,5006.0,2361.0,1341.0,876.0,880.0,1161.0,426.0,995.0,526.0,861.0,1138.0,790.0,0.0,958.0,462.0,1951.0,332.0,1783.0,2488.0,979.0,886.0,869.0,2070.0,145.0,1227.0,769.0,402.0,436.0,693.0,1292.0,395.0,425.0,345.0,1413.0,525.0,332.0,446.0,613.0,549.0,644.0,69.0,419.0,127.0,379.0,569.0,549.0,153.0,1049.0,435.0,519.0,560.0,161.0,107.0,257.0,190.0,744.0,1049.0,159.0,459.0,101.0,479.0,142.0,356.0,486.0,201.0,96.0,363.0,658.0,196.0,315.0,177.0,966.0,114.0,115.0,136.0,247.0,286.0,254.0,278.0,145.0,49.0,382.0,209.0,114.0,218.0,941.0,151.0,133.0,210.0,513.0,97.0,802.0,161.0,58.0,480.0,408.0,181.0,97.0,148.0,196.0,191.0,510.0,395.0,683.0,135.0,738.0,512.0,1035.0,97.0,75.0,350.0,142.0,179.0,334.0,201.0,382.0,465.0,102.0,113.0,221.0,378.0,104.0,314.0,150.0,256.0,902.0,478.0,83.0,34.0,122.0,824.0,429.0,223.0,112.0,155.0,53.0,762.0,42.0,96.0,110.0,242.0,73.0,305.0,177.0,104.0,155.0,140.0,339.0
15,3379.0,1239.0,2791.0,1423.0,1387.0,2228.0,889.0,946.0,1640.0,416.0,1485.0,446.0,847.0,371.0,958.0,0.0,458.0,2608.0,896.0,549.0,934.0,127.0,1234.0,394.0,1363.0,907.0,1794.0,276.0,958.0,824.0,6189.0,2573.0,181.0,132.0,1585.0,1049.0,578.0,597.0,158.0,129.0,116.0,219.0,39.0,95.0,109.0,325.0,202.0,334.0,194.0,1019.0,150.0,717.0,672.0,203.0,95.0,230.0,326.0,194.0,77.0,274.0,585.0,187.0,679.0,106.0,205.0,1138.0,116.0,134.0,447.0,256.0,83.0,294.0,236.0,591.0,133.0,25.0,721.0,822.0,235.0,126.0,602.0,97.0,38.0,93.0,105.0,203.0,106.0,958.0,410.0,118.0,120.0,975.0,82.0,151.0,52.0,102.0,116.0,222.0,37.0,42.0,27.0,637.0,205.0,158.0,444.0,94.0,137.0,209.0,92.0,368.0,17.0,94.0,53.0,197.0,500.0,439.0,55.0,472.0,56.0,78.0,167.0,99.0,1373.0,86.0,205.0,1644.0,123.0,198.0,96.0,31.0,16.0,414.0,273.0,2.0,1600.0,337.0,383.0,16.0,489.0,27.0,42.0,145.0,163.0,138.0,250.0,8.0,168.0,53.0,38.0,106.0
16,3664.0,2930.0,2897.0,2340.0,2674.0,2668.0,1769.0,946.0,2541.0,743.0,624.0,1609.0,1473.0,527.0,462.0,458.0,0.0,420.0,3220.0,754.0,369.0,1183.0,477.0,379.0,310.0,1580.0,246.0,522.0,458.0,914.0,209.0,180.0,970.0,929.0,244.0,170.0,1118.0,857.0,738.0,430.0,201.0,679.0,709.0,227.0,427.0,195.0,242.0,250.0,117.0,353.0,471.0,181.0,137.0,644.0,40.0,409.0,337.0,352.0,275.0,528.0,314.0,529.0,279.0,964.0,122.0,207.0,150.0,113.0,195.0,574.0,137.0,296.0,202.0,552.0,315.0,424.0,347.0,191.0,341.0,88.0,268.0,395.0,413.0,356.0,402.0,791.0,282.0,348.0,708.0,133.0,312.0,128.0,294.0,201.0,224.0,129.0,209.0,212.0,400.0,124.0,206.0,298.0,150.0,297.0,82.0,91.0,259.0,233.0,363.0,74.0,155.0,189.0,982.0,286.0,175.0,122.0,155.0,79.0,410.0,312.0,169.0,215.0,89.0,288.0,88.0,51.0,455.0,101.0,313.0,507.0,354.0,307.0,35.0,111.0,68.0,15.0,160.0,361.0,74.0,281.0,421.0,275.0,259.0,146.0,108.0,46.0,180.0,381.0,84.0,170.0
17,4433.0,2583.0,4948.0,2522.0,3346.0,2271.0,2596.0,657.0,1327.0,649.0,911.0,513.0,702.0,645.0,1951.0,2608.0,420.0,0.0,337.0,2843.0,1099.0,318.0,2434.0,610.0,1012.0,616.0,1522.0,431.0,594.0,853.0,1457.0,1255.0,278.0,225.0,1410.0,6724.0,485.0,641.0,128.0,709.0,627.0,324.0,26.0,405.0,307.0,340.0,381.0,732.0,211.0,776.0,172.0,809.0,1306.0,150.0,652.0,249.0,215.0,588.0,1600.0,148.0,452.0,111.0,255.0,151.0,877.0,2153.0,113.0,204.0,520.0,229.0,302.0,215.0,445.0,657.0,87.0,229.0,571.0,386.0,233.0,90.0,804.0,172.0,59.0,437.0,156.0,281.0,175.0,710.0,484.0,60.0,217.0,487.0,552.0,1087.0,87.0,85.0,750.0,525.0,37.0,42.0,192.0,148.0,243.0,450.0,1040.0,474.0,282.0,645.0,361.0,283.0,17.0,63.0,296.0,134.0,530.0,159.0,129.0,381.0,38.0,624.0,131.0,109.0,295.0,136.0,525.0,377.0,81.0,337.0,167.0,93.0,229.0,492.0,144.0,161.0,812.0,235.0,347.0,16.0,531.0,27.0,148.0,129.0,333.0,185.0,518.0,17.0,89.0,165.0,324.0,93.0
18,3901.0,3303.0,3642.0,2379.0,2184.0,3484.0,972.0,608.0,3365.0,457.0,1510.0,1081.0,608.0,389.0,332.0,896.0,3220.0,337.0,0.0,409.0,500.0,2246.0,318.0,657.0,109.0,3233.0,657.0,426.0,1544.0,607.0,478.0,175.0,405.0,1086.0,193.0,135.0,856.0,1315.0,339.0,1367.0,1310.0,637.0,244.0,700.0,574.0,84.0,301.0,231.0,405.0,147.0,298.0,197.0,82.0,536.0,1199.0,285.0,462.0,113.0,117.0,388.0,185.0,120.0,309.0,245.0,184.0,407.0,157.0,351.0,85.0,392.0,1213.0,159.0,285.0,266.0,269.0,55.0,279.0,309.0,309.0,485.0,192.0,166.0,505.0,99.0,238.0,471.0,192.0,254.0,210.0,96.0,170.0,134.0,280.0,66.0,1249.0,127.0,109.0,249.0,183.0,1553.0,237.0,225.0,98.0,300.0,131.0,69.0,85.0,108.0,279.0,34.0,206.0,50.0,681.0,129.0,145.0,74.0,128.0,61.0,84.0,245.0,139.0,162.0,12.0,148.0,63.0,166.0,235.0,60.0,314.0,98.0,285.0,147.0,38.0,118.0,36.0,1215.0,97.0,147.0,20.0,106.0,177.0,140.0,212.0,116.0,112.0,22.0,144.0,343.0,31.0,116.0
19,5701.0,4309.0,4753.0,3472.0,3899.0,1547.0,2880.0,740.0,1121.0,1068.0,1025.0,1428.0,440.0,385.0,1783.0,549.0,754.0,2843.0,409.0,0.0,767.0,883.0,1300.0,627.0,990.0,392.0,890.0,681.0,1083.0,876.0,298.0,395.0,405.0,399.0,878.0,1441.0,607.0,605.0,215.0,696.0,876.0,547.0,70.0,494.0,615.0,359.0,1049.0,2413.0,191.0,847.0,426.0,431.0,858.0,391.0,291.0,376.0,332.0,892.0,2144.0,356.0,1971.0,163.0,56.0,361.0,712.0,1164.0,131.0,723.0,381.0,229.0,197.0,376.0,893.0,374.0,119.0,255.0,287.0,446.0,378.0,154.0,289.0,285.0,219.0,1009.0,348.0,338.0,206.0,175.0,343.0,115.0,264.0,716.0,404.0,1264.0,200.0,54.0,2100.0,346.0,147.0,83.0,285.0,163.0,145.0,590.0,488.0,1794.0,372.0,611.0,484.0,154.0,72.0,298.0,261.0,465.0,173.0,165.0,317.0,195.0,85.0,251.0,176.0,133.0,218.0,425.0,213.0,60.0,381.0,426.0,137.0,173.0,268.0,298.0,35.0,22.0,424.0,85.0,320.0,51.0,148.0,233.0,100.0,122.0,357.0,254.0,254.0,48.0,115.0,54.0,416.0,203.0
20,4384.0,2768.0,2678.0,2288.0,1937.0,1842.0,1227.0,925.0,917.0,619.0,1709.0,830.0,419.0,1273.0,2488.0,934.0,369.0,1099.0,500.0,767.0,0.0,437.0,2089.0,919.0,1333.0,132.0,2305.0,710.0,343.0,487.0,547.0,1221.0,630.0,1501.0,545.0,731.0,324.0,479.0,198.0,951.0,667.0,428.0,49.0,944.0,118.0,821.0,761.0,365.0,578.0,761.0,225.0,481.0,288.0,141.0,54.0,165.0,568.0,497.0,836.0,126.0,563.0,274.0,689.0,243.0,154.0,272.0,715.0,1156.0,1477.0,344.0,687.0,349.0,197.0,466.0,123.0,42.0,269.0,636.0,445.0,213.0,276.0,128.0,60.0,435.0,124.0,185.0,274.0,569.0,423.0,138.0,362.0,952.0,126.0,654.0,89.0,95.0,471.0,183.0,101.0,159.0,493.0,116.0,251.0,583.0,62.0,414.0,159.0,311.0,176.0,541.0,54.0,62.0,62.0,246.0,195.0,2642.0,242.0,528.0,358.0,57.0,60.0,710.0,1446.0,124.0,213.0,47.0,253.0,420.0,530.0,84.0,13.0,330.0,83.0,890.0,453.0,130.0,226.0,28.0,355.0,66.0,165.0,98.0,164.0,92.0,223.0,1394.0,91.0,58.0,393.0,255.0
21,3681.0,1823.0,5089.0,1548.0,3062.0,3069.0,1796.0,1999.0,1432.0,494.0,794.0,2034.0,1734.0,509.0,979.0,127.0,1183.0,318.0,2246.0,883.0,437.0,0.0,403.0,504.0,294.0,891.0,161.0,713.0,1510.0,369.0,77.0,228.0,917.0,658.0,456.0,132.0,500.0,862.0,557.0,1988.0,1418.0,596.0,352.0,415.0,876.0,144.0,578.0,242.0,101.0,335.0,442.0,114.0,120.0,542.0,1348.0,338.0,471.0,719.0,238.0,406.0,241.0,478.0,227.0,431.0,104.0,203.0,167.0,149.0,314.0,588.0,1256.0,506.0,178.0,324.0,285.0,464.0,365.0,363.0,256.0,151.0,194.0,272.0,300.0,316.0,735.0,268.0,297.0,355.0,226.0,202.0,222.0,606.0,196.0,190.0,1331.0,40.0,256.0,267.0,495.0,1269.0,110.0,328.0,586.0,385.0,361.0,383.0,193.0,153.0,167.0,169.0,250.0,304.0,412.0,201.0,115.0,181.0,183.0,132.0,472.0,127.0,430.0,196.0,192.0,177.0,133.0,23.0,262.0,171.0,120.0,240.0,65.0,96.0,47.0,33.0,42.0,1162.0,67.0,163.0,119.0,370.0,296.0,366.0,359.0,196.0,76.0,36.0,216.0,174.0,203.0,201.0
22,4126.0,2009.0,3730.0,3068.0,2493.0,1511.0,1519.0,916.0,740.0,383.0,1724.0,916.0,745.0,594.0,886.0,1234.0,477.0,2434.0,318.0,1300.0,2089.0,403.0,0.0,878.0,854.0,242.0,1352.0,468.0,517.0,493.0,155.0,992.0,567.0,668.0,1576.0,1438.0,555.0,833.0,218.0,279.0,262.0,425.0,79.0,482.0,378.0,472.0,726.0,319.0,257.0,530.0,552.0,357.0,683.0,552.0,57.0,256.0,639.0,991.0,319.0,200.0,690.0,135.0,111.0,152.0,704.0,285.0,263.0,131.0,716.0,184.0,99.0,271.0,217.0,471.0,131.0,143.0,187.0,246.0,286.0,120.0,167.0,128.0,174.0,160.0,269.0,416.0,137.0,603.0,246.0,107.0,191.0,83.0,465.0,340.0,65.0,89.0,164.0,217.0,181.0,109.0,383.0,150.0,257.0,294.0,749.0,180.0,120.0,209.0,151.0,522.0,159.0,120.0,300.0,198.0,81.0,614.0,137.0,290.0,132.0,665.0,89.0,187.0,879.0,181.0,281.0,1135.0,207.0,159.0,106.0,69.0,182.0,207.0,60.0,147.0,71.0,41.0,71.0,86.0,404.0,41.0,253.0,140.0,287.0,122.0,312.0,52.0,89.0,306.0,88.0,150.0
23,3196.0,1680.0,3292.0,1912.0,2040.0,2378.0,1185.0,208.0,1163.0,287.0,3660.0,608.0,287.0,1400.0,869.0,394.0,379.0,610.0,657.0,627.0,919.0,504.0,878.0,0.0,212.0,251.0,639.0,593.0,527.0,308.0,281.0,198.0,189.0,266.0,508.0,603.0,234.0,328.0,267.0,934.0,961.0,619.0,76.0,2291.0,227.0,47.0,230.0,320.0,714.0,389.0,802.0,4160.0,270.0,1426.0,726.0,270.0,165.0,162.0,219.0,198.0,94.0,89.0,1432.0,155.0,432.0,267.0,495.0,428.0,73.0,155.0,332.0,217.0,910.0,122.0,93.0,90.0,141.0,128.0,112.0,222.0,458.0,151.0,107.0,128.0,68.0,139.0,206.0,40.0,225.0,431.0,79.0,119.0,169.0,155.0,300.0,196.0,88.0,116.0,76.0,437.0,1210.0,441.0,79.0,133.0,272.0,93.0,449.0,139.0,463.0,69.0,17.0,123.0,46.0,169.0,1823.0,44.0,51.0,69.0,132.0,97.0,170.0,225.0,55.0,110.0,85.0,308.0,41.0,533.0,290.0,63.0,48.0,282.0,965.0,789.0,49.0,393.0,43.0,66.0,425.0,658.0,68.0,79.0,106.0,174.0,95.0,37.0,48.0,97.0,466.0,59.0
24,2589.0,2204.0,3012.0,996.0,1180.0,507.0,791.0,854.0,314.0,337.0,222.0,383.0,442.0,230.0,2070.0,1363.0,310.0,1012.0,109.0,990.0,1333.0,294.0,854.0,212.0,0.0,136.0,293.0,212.0,564.0,708.0,929.0,1329.0,219.0,132.0,313.0,610.0,207.0,304.0,387.0,103.0,367.0,178.0,107.0,123.0,233.0,151.0,510.0,340.0,160.0,870.0,204.0,78.0,274.0,157.0,31.0,113.0,237.0,582.0,269.0,147.0,174.0,116.0,34.0,116.0,204.0,164.0,83.0,115.0,598.0,270.0,165.0,346.0,215.0,1218.0,160.0,53.0,207.0,292.0,353.0,171.0,165.0,187.0,67.0,182.0,227.0,144.0,102.0,1015.0,101.0,91.0,157.0,343.0,60.0,227.0,82.0,33.0,173.0,106.0,106.0,19.0,57.0,105.0,236.0,215.0,107.0,87.0,121.0,212.0,156.0,1306.0,29.0,70.0,107.0,177.0,89.0,631.0,86.0,1465.0,76.0,51.0,85.0,81.0,678.0,1370.0,134.0,63.0,145.0,316.0,94.0,143.0,24.0,160.0,600.0,19.0,320.0,117.0,170.0,95.0,230.0,80.0,361.0,146.0,131.0,160.0,406.0,13.0,118.0,45.0,145.0,262.0
25,3655.0,3126.0,2321.0,1565.0,1741.0,1931.0,878.0,754.0,2457.0,518.0,1049.0,860.0,1674.0,224.0,145.0,907.0,1580.0,616.0,3233.0,392.0,132.0,891.0,242.0,251.0,136.0,0.0,221.0,293.0,391.0,324.0,195.0,67.0,343.0,779.0,214.0,100.0,1294.0,834.0,287.0,170.0,142.0,307.0,320.0,401.0,567.0,136.0,180.0,199.0,66.0,138.0,239.0,533.0,69.0,400.0,260.0,322.0,557.0,169.0,137.0,408.0,157.0,244.0,90.0,298.0,62.0,238.0,60.0,109.0,46.0,342.0,112.0,115.0,161.0,344.0,184.0,47.0,686.0,99.0,212.0,1214.0,508.0,195.0,229.0,164.0,458.0,1105.0,141.0,341.0,161.0,99.0,121.0,131.0,155.0,46.0,114.0,32.0,62.0,122.0,227.0,87.0,254.0,129.0,94.0,112.0,92.0,53.0,97.0,94.0,62.0,29.0,105.0,51.0,610.0,105.0,528.0,48.0,49.0,57.0,99.0,284.0,182.0,136.0,18.0,140.0,54.0,188.0,239.0,57.0,268.0,50.0,397.0,102.0,26.0,256.0,28.0,92.0,85.0,154.0,13.0,191.0,165.0,114.0,299.0,113.0,107.0,8.0,126.0,479.0,28.0,88.0
26,3386.0,1718.0,2009.0,2248.0,1990.0,2700.0,1344.0,679.0,1275.0,380.0,1107.0,713.0,309.0,1063.0,1227.0,1794.0,246.0,1522.0,657.0,890.0,2305.0,161.0,1352.0,639.0,293.0,221.0,0.0,952.0,926.0,1025.0,1108.0,492.0,404.0,639.0,676.0,1157.0,290.0,477.0,122.0,353.0,761.0,621.0,25.0,650.0,100.0,559.0,628.0,327.0,755.0,705.0,356.0,348.0,568.0,91.0,162.0,316.0,416.0,87.0,638.0,242.0,336.0,48.0,1193.0,148.0,91.0,451.0,122.0,377.0,43.0,120.0,102.0,71.0,267.0,174.0,90.0,259.0,106.0,479.0,96.0,47.0,257.0,42.0,48.0,205.0,68.0,106.0,153.0,229.0,214.0,185.0,112.0,654.0,123.0,487.0,40.0,145.0,325.0,449.0,24.0,45.0,497.0,641.0,55.0,297.0,26.0,578.0,159.0,371.0,133.0,416.0,53.0,56.0,63.0,162.0,158.0,90.0,102.0,95.0,273.0,50.0,42.0,224.0,39.0,72.0,108.0,592.0,276.0,260.0,254.0,59.0,19.0,105.0,98.0,667.0,377.0,136.0,253.0,15.0,309.0,24.0,57.0,30.0,113.0,28.0,40.0,339.0,46.0,70.0,635.0,27.0
27,4033.0,2626.0,2381.0,1990.0,1766.0,1353.0,1377.0,1180.0,641.0,2015.0,1507.0,868.0,1139.0,1106.0,769.0,276.0,522.0,431.0,426.0,681.0,710.0,713.0,468.0,593.0,212.0,293.0,952.0,0.0,283.0,381.0,81.0,83.0,374.0,421.0,728.0,233.0,435.0,394.0,211.0,246.0,450.0,6308.0,181.0,960.0,186.0,221.0,242.0,645.0,284.0,257.0,224.0,100.0,74.0,219.0,100.0,404.0,311.0,245.0,181.0,186.0,93.0,640.0,803.0,238.0,56.0,93.0,428.0,200.0,64.0,201.0,175.0,92.0,427.0,45.0,152.0,127.0,145.0,208.0,238.0,640.0,110.0,293.0,104.0,242.0,800.0,125.0,127.0,100.0,156.0,488.0,154.0,496.0,125.0,101.0,107.0,92.0,89.0,429.0,147.0,346.0,601.0,545.0,297.0,292.0,28.0,91.0,197.0,109.0,242.0,107.0,66.0,224.0,150.0,155.0,146.0,52.0,69.0,150.0,143.0,70.0,223.0,121.0,37.0,193.0,77.0,25.0,160.0,153.0,112.0,89.0,371.0,261.0,47.0,282.0,157.0,131.0,308.0,76.0,228.0,315.0,80.0,306.0,384.0,49.0,81.0,216.0,73.0,122.0,263.0,84.0
28,1632.0,2144.0,2789.0,972.0,1853.0,2432.0,1502.0,322.0,901.0,535.0,787.0,443.0,412.0,189.0,402.0,958.0,458.0,594.0,1544.0,1083.0,343.0,1510.0,517.0,527.0,564.0,391.0,926.0,283.0,0.0,660.0,632.0,624.0,197.0,306.0,221.0,256.0,202.0,397.0,196.0,1308.0,1544.0,203.0,117.0,335.0,204.0,98.0,609.0,466.0,811.0,711.0,179.0,118.0,650.0,216.0,1304.0,598.0,277.0,188.0,186.0,591.0,149.0,109.0,552.0,230.0,186.0,315.0,696.0,166.0,112.0,240.0,1335.0,148.0,301.0,53.0,97.0,72.0,140.0,95.0,218.0,48.0,135.0,177.0,129.0,327.0,199.0,145.0,461.0,39.0,120.0,542.0,118.0,164.0,168.0,145.0,1219.0,565.0,81.0,218.0,67.0,1206.0,157.0,769.0,137.0,252.0,194.0,94.0,144.0,198.0,80.0,91.0,121.0,96.0,143.0,163.0,72.0,81.0,57.0,61.0,95.0,143.0,525.0,79.0,69.0,461.0,105.0,593.0,81.0,207.0,98.0,69.0,115.0,434.0,107.0,10.0,114.0,1177.0,141.0,153.0,72.0,106.0,383.0,114.0,134.0,179.0,168.0,16.0,116.0,92.0,69.0,67.0
29,2953.0,2011.0,1973.0,1635.0,1845.0,1067.0,1399.0,571.0,660.0,564.0,567.0,827.0,514.0,362.0,436.0,824.0,914.0,853.0,607.0,876.0,487.0,369.0,493.0,308.0,708.0,324.0,1025.0,381.0,660.0,0.0,236.0,296.0,285.0,215.0,417.0,404.0,530.0,247.0,383.0,220.0,417.0,578.0,169.0,167.0,229.0,271.0,145.0,346.0,361.0,358.0,402.0,79.0,267.0,160.0,173.0,372.0,235.0,215.0,382.0,524.0,232.0,166.0,183.0,310.0,127.0,425.0,68.0,179.0,225.0,245.0,141.0,191.0,244.0,208.0,236.0,128.0,211.0,186.0,193.0,81.0,162.0,316.0,160.0,370.0,171.0,195.0,238.0,92.0,237.0,113.0,188.0,237.0,168.0,221.0,219.0,75.0,250.0,352.0,147.0,226.0,160.0,198.0,149.0,214.0,68.0,204.0,138.0,227.0,500.0,60.0,153.0,136.0,265.0,268.0,99.0,108.0,163.0,95.0,144.0,54.0,137.0,182.0,106.0,313.0,154.0,186.0,160.0,158.0,156.0,134.0,54.0,60.0,92.0,40.0,484.0,122.0,326.0,68.0,82.0,93.0,171.0,190.0,157.0,111.0,73.0,55.0,156.0,121.0,186.0,115.0
30,2025.0,707.0,1427.0,850.0,1123.0,1680.0,715.0,566.0,918.0,154.0,256.0,404.0,241.0,212.0,693.0,6189.0,209.0,1457.0,478.0,298.0,547.0,77.0,155.0,281.0,929.0,195.0,1108.0,81.0,632.0,236.0,0.0,2239.0,122.0,76.0,346.0,634.0,411.0,265.0,121.0,65.0,62.0,46.0,17.0,55.0,370.0,206.0,102.0,102.0,423.0,943.0,111.0,212.0,528.0,70.0,79.0,141.0,191.0,94.0,54.0,155.0,370.0,90.0,548.0,338.0,382.0,698.0,326.0,103.0,260.0,116.0,50.0,160.0,38.0,481.0,94.0,15.0,139.0,495.0,164.0,97.0,187.0,50.0,29.0,79.0,35.0,113.0,66.0,868.0,283.0,340.0,92.0,454.0,18.0,128.0,30.0,367.0,48.0,366.0,35.0,25.0,15.0,500.0,88.0,42.0,370.0,37.0,82.0,148.0,74.0,247.0,15.0,64.0,14.0,74.0,66.0,162.0,41.0,587.0,34.0,26.0,132.0,54.0,920.0,89.0,156.0,490.0,84.0,72.0,43.0,30.0,7.0,565.0,198.0,0.0,141.0,397.0,74.0,8.0,521.0,13.0,23.0,77.0,86.0,126.0,228.0,11.0,142.0,27.0,42.0,76.0
31,2253.0,1094.0,2177.0,769.0,1220.0,1194.0,870.0,727.0,849.0,468.0,238.0,217.0,251.0,413.0,1292.0,2573.0,180.0,1255.0,175.0,395.0,1221.0,228.0,992.0,198.0,1329.0,67.0,492.0,83.0,624.0,296.0,2239.0,0.0,321.0,86.0,244.0,765.0,361.0,243.0,200.0,91.0,244.0,61.0,23.0,64.0,83.0,335.0,84.0,70.0,1225.0,585.0,164.0,110.0,196.0,95.0,54.0,586.0,222.0,432.0,194.0,90.0,578.0,63.0,151.0,60.0,674.0,451.0,630.0,69.0,689.0,145.0,51.0,274.0,51.0,756.0,98.0,77.0,189.0,575.0,177.0,49.0,130.0,123.0,36.0,145.0,50.0,95.0,461.0,974.0,64.0,566.0,103.0,454.0,58.0,280.0,44.0,1066.0,160.0,125.0,51.0,15.0,34.0,182.0,174.0,153.0,370.0,95.0,69.0,353.0,125.0,368.0,29.0,57.0,196.0,84.0,52.0,781.0,56.0,549.0,46.0,51.0,589.0,61.0,1148.0,64.0,224.0,124.0,173.0,215.0,116.0,37.0,11.0,473.0,166.0,13.0,335.0,87.0,150.0,14.0,667.0,34.0,47.0,129.0,88.0,185.0,93.0,47.0,91.0,47.0,89.0,105.0
32,3188.0,3062.0,3329.0,1836.0,2112.0,987.0,1437.0,1354.0,597.0,740.0,316.0,1306.0,558.0,825.0,395.0,181.0,970.0,278.0,405.0,405.0,630.0,917.0,567.0,189.0,219.0,343.0,404.0,374.0,197.0,285.0,122.0,321.0,0.0,851.0,135.0,68.0,444.0,308.0,877.0,166.0,82.0,321.0,181.0,110.0,390.0,464.0,427.0,226.0,61.0,309.0,219.0,120.0,57.0,542.0,28.0,244.0,722.0,219.0,110.0,315.0,133.0,405.0,68.0,474.0,64.0,213.0,55.0,46.0,172.0,514.0,66.0,372.0,104.0,37.0,299.0,97.0,273.0,183.0,233.0,53.0,391.0,570.0,97.0,240.0,187.0,283.0,143.0,47.0,193.0,65.0,362.0,351.0,95.0,44.0,113.0,32.0,52.0,144.0,1486.0,64.0,97.0,173.0,84.0,223.0,29.0,50.0,199.0,255.0,90.0,351.0,71.0,152.0,331.0,184.0,133.0,157.0,77.0,72.0,135.0,36.0,149.0,77.0,150.0,159.0,72.0,22.0,232.0,39.0,135.0,172.0,48.0,28.0,15.0,6.0,61.0,13.0,110.0,112.0,41.0,397.0,235.0,149.0,195.0,147.0,16.0,36.0,219.0,75.0,76.0,194.0
33,2859.0,2666.0,2548.0,1735.0,1931.0,816.0,1127.0,881.0,973.0,701.0,1503.0,1135.0,586.0,752.0,425.0,132.0,929.0,225.0,1086.0,399.0,1501.0,658.0,668.0,266.0,132.0,779.0,639.0,421.0,306.0,215.0,76.0,86.0,851.0,0.0,329.0,91.0,246.0,887.0,578.0,991.0,173.0,442.0,111.0,431.0,423.0,437.0,649.0,279.0,314.0,125.0,345.0,126.0,80.0,639.0,19.0,250.0,1080.0,144.0,87.0,231.0,95.0,150.0,81.0,310.0,81.0,92.0,659.0,918.0,87.0,263.0,668.0,319.0,244.0,157.0,171.0,33.0,148.0,327.0,199.0,455.0,186.0,157.0,120.0,119.0,198.0,176.0,158.0,15.0,178.0,74.0,110.0,187.0,136.0,42.0,82.0,82.0,62.0,87.0,310.0,147.0,267.0,145.0,131.0,234.0,74.0,77.0,149.0,79.0,69.0,344.0,123.0,160.0,260.0,94.0,121.0,86.0,59.0,84.0,561.0,80.0,167.0,731.0,35.0,103.0,62.0,27.0,83.0,132.0,78.0,289.0,43.0,286.0,29.0,50.0,37.0,6.0,63.0,59.0,45.0,267.0,123.0,79.0,177.0,130.0,37.0,654.0,117.0,50.0,27.0,215.0
34,2356.0,2021.0,1267.0,981.0,1563.0,1292.0,1411.0,208.0,617.0,172.0,2053.0,348.0,648.0,361.0,345.0,1585.0,244.0,1410.0,193.0,878.0,545.0,456.0,1576.0,508.0,313.0,214.0,676.0,728.0,221.0,417.0,346.0,244.0,135.0,329.0,0.0,179.0,168.0,482.0,101.0,162.0,409.0,377.0,77.0,334.0,1203.0,96.0,530.0,331.0,159.0,192.0,182.0,386.0,770.0,461.0,346.0,175.0,354.0,135.0,239.0,138.0,111.0,401.0,305.0,114.0,270.0,368.0,60.0,348.0,270.0,113.0,62.0,142.0,266.0,131.0,67.0,93.0,112.0,55.0,158.0,542.0,267.0,94.0,98.0,111.0,99.0,144.0,93.0,151.0,407.0,51.0,58.0,298.0,383.0,176.0,82.0,22.0,222.0,368.0,47.0,100.0,119.0,78.0,95.0,91.0,451.0,120.0,261.0,134.0,199.0,77.0,113.0,102.0,139.0,112.0,99.0,91.0,95.0,59.0,80.0,307.0,126.0,61.0,152.0,50.0,93.0,1051.0,21.0,107.0,59.0,47.0,530.0,346.0,38.0,263.0,217.0,34.0,173.0,42.0,301.0,341.0,80.0,52.0,122.0,76.0,164.0,9.0,42.0,62.0,134.0,109.0
35,2287.0,1036.0,2144.0,1848.0,1323.0,1163.0,1023.0,298.0,363.0,235.0,628.0,314.0,141.0,704.0,1413.0,1049.0,170.0,6724.0,135.0,1441.0,731.0,132.0,1438.0,603.0,610.0,100.0,1157.0,233.0,256.0,404.0,634.0,765.0,68.0,91.0,179.0,0.0,171.0,234.0,57.0,661.0,771.0,167.0,33.0,265.0,60.0,196.0,225.0,400.0,141.0,447.0,97.0,105.0,682.0,58.0,735.0,146.0,155.0,289.0,1011.0,96.0,251.0,49.0,627.0,84.0,535.0,750.0,52.0,68.0,165.0,136.0,156.0,112.0,156.0,310.0,54.0,140.0,76.0,284.0,130.0,72.0,106.0,80.0,30.0,241.0,48.0,109.0,71.0,496.0,40.0,38.0,163.0,239.0,57.0,703.0,57.0,49.0,365.0,299.0,29.0,21.0,80.0,74.0,98.0,252.0,328.0,515.0,568.0,408.0,186.0,203.0,9.0,45.0,42.0,96.0,411.0,84.0,67.0,267.0,33.0,175.0,89.0,74.0,193.0,59.0,260.0,262.0,211.0,230.0,108.0,57.0,43.0,91.0,113.0,517.0,524.0,145.0,201.0,16.0,386.0,17.0,66.0,48.0,157.0,49.0,215.0,5.0,60.0,113.0,772.0,64.0
36,3594.0,3381.0,962.0,2212.0,1247.0,1113.0,922.0,345.0,1425.0,554.0,379.0,808.0,533.0,162.0,525.0,578.0,1118.0,485.0,856.0,607.0,324.0,500.0,555.0,234.0,207.0,1294.0,290.0,435.0,202.0,530.0,411.0,361.0,444.0,246.0,168.0,171.0,0.0,618.0,240.0,85.0,433.0,584.0,102.0,115.0,375.0,136.0,252.0,343.0,107.0,187.0,209.0,107.0,115.0,213.0,27.0,214.0,228.0,209.0,348.0,219.0,431.0,124.0,112.0,221.0,389.0,131.0,99.0,89.0,107.0,301.0,79.0,147.0,152.0,416.0,102.0,128.0,156.0,311.0,192.0,882.0,148.0,156.0,109.0,180.0,192.0,1287.0,143.0,409.0,241.0,111.0,115.0,176.0,150.0,234.0,98.0,45.0,189.0,141.0,119.0,66.0,77.0,74.0,76.0,204.0,203.0,104.0,136.0,121.0,291.0,39.0,69.0,125.0,398.0,164.0,65.0,95.0,69.0,107.0,150.0,109.0,96.0,168.0,61.0,142.0,99.0,36.0,214.0,313.0,97.0,69.0,400.0,104.0,40.0,46.0,106.0,28.0,98.0,62.0,28.0,111.0,235.0,128.0,148.0,73.0,69.0,20.0,113.0,416.0,317.0,101.0
37,3336.0,3574.0,3587.0,1863.0,3365.0,1851.0,2069.0,467.0,1743.0,626.0,815.0,1057.0,527.0,234.0,332.0,597.0,857.0,641.0,1315.0,605.0,479.0,862.0,833.0,328.0,304.0,834.0,477.0,394.0,397.0,247.0,265.0,243.0,308.0,887.0,482.0,234.0,618.0,0.0,161.0,200.0,270.0,337.0,102.0,470.0,739.0,112.0,1074.0,1507.0,432.0,199.0,306.0,171.0,190.0,403.0,46.0,299.0,424.0,616.0,260.0,193.0,156.0,117.0,93.0,285.0,172.0,297.0,289.0,410.0,337.0,204.0,52.0,257.0,426.0,63.0,137.0,229.0,83.0,369.0,161.0,162.0,184.0,150.0,204.0,234.0,118.0,245.0,112.0,43.0,251.0,97.0,141.0,258.0,390.0,169.0,89.0,72.0,117.0,177.0,83.0,58.0,246.0,81.0,62.0,279.0,277.0,111.0,312.0,82.0,121.0,60.0,108.0,346.0,341.0,204.0,105.0,163.0,180.0,87.0,120.0,123.0,217.0,89.0,64.0,183.0,80.0,83.0,100.0,135.0,80.0,108.0,258.0,240.0,30.0,2.0,123.0,25.0,211.0,48.0,30.0,115.0,84.0,137.0,288.0,109.0,189.0,11.0,96.0,69.0,51.0,100.0
38,4399.0,2186.0,1943.0,2188.0,1230.0,1418.0,786.0,1080.0,635.0,988.0,219.0,818.0,919.0,636.0,446.0,158.0,738.0,128.0,339.0,215.0,198.0,557.0,218.0,267.0,387.0,287.0,122.0,211.0,196.0,383.0,121.0,200.0,877.0,578.0,101.0,57.0,240.0,161.0,0.0,103.0,290.0,206.0,190.0,81.0,177.0,483.0,82.0,110.0,142.0,395.0,416.0,161.0,158.0,297.0,15.0,260.0,377.0,228.0,58.0,221.0,68.0,312.0,29.0,441.0,74.0,18.0,17.0,20.0,183.0,356.0,40.0,198.0,75.0,402.0,205.0,46.0,139.0,506.0,202.0,64.0,370.0,187.0,293.0,164.0,166.0,106.0,265.0,81.0,194.0,57.0,155.0,339.0,110.0,50.0,94.0,106.0,44.0,109.0,515.0,61.0,70.0,126.0,162.0,103.0,24.0,86.0,94.0,115.0,79.0,186.0,159.0,124.0,291.0,112.0,88.0,106.0,83.0,31.0,152.0,78.0,249.0,193.0,92.0,230.0,77.0,26.0,141.0,186.0,97.0,397.0,55.0,266.0,54.0,15.0,47.0,13.0,101.0,140.0,43.0,217.0,160.0,110.0,135.0,136.0,49.0,41.0,221.0,103.0,64.0,154.0
39,971.0,1490.0,3064.0,1165.0,622.0,2384.0,497.0,126.0,282.0,129.0,1581.0,872.0,180.0,650.0,613.0,129.0,430.0,709.0,1367.0,696.0,951.0,1988.0,279.0,934.0,103.0,170.0,353.0,246.0,1308.0,220.0,65.0,91.0,166.0,991.0,162.0,661.0,85.0,200.0,103.0,0.0,1860.0,252.0,47.0,654.0,178.0,46.0,502.0,168.0,152.0,159.0,233.0,179.0,97.0,168.0,1831.0,145.0,149.0,504.0,167.0,141.0,79.0,183.0,556.0,144.0,67.0,234.0,680.0,684.0,47.0,181.0,1890.0,41.0,237.0,40.0,63.0,439.0,156.0,68.0,212.0,56.0,68.0,122.0,51.0,175.0,93.0,123.0,67.0,32.0,170.0,126.0,63.0,407.0,83.0,99.0,1225.0,48.0,103.0,135.0,105.0,1262.0,161.0,74.0,159.0,218.0,353.0,340.0,562.0,151.0,74.0,53.0,84.0,130.0,83.0,67.0,447.0,37.0,49.0,65.0,162.0,128.0,54.0,648.0,50.0,80.0,53.0,73.0,44.0,116.0,110.0,48.0,40.0,63.0,43.0,636.0,65.0,1264.0,56.0,31.0,70.0,58.0,116.0,27.0,175.0,81.0,47.0,811.0,57.0,33.0,564.0,65.0
40,1698.0,1197.0,2503.0,1312.0,1340.0,2659.0,1008.0,281.0,437.0,203.0,1054.0,359.0,235.0,801.0,549.0,116.0,201.0,627.0,1310.0,876.0,667.0,1418.0,262.0,961.0,367.0,142.0,761.0,450.0,1544.0,417.0,62.0,244.0,82.0,173.0,409.0,771.0,433.0,270.0,290.0,1860.0,0.0,223.0,72.0,469.0,172.0,100.0,79.0,214.0,556.0,282.0,103.0,90.0,233.0,203.0,2011.0,79.0,167.0,242.0,424.0,231.0,238.0,56.0,629.0,180.0,370.0,215.0,45.0,110.0,68.0,159.0,1291.0,97.0,244.0,121.0,63.0,37.0,77.0,126.0,106.0,22.0,465.0,101.0,90.0,246.0,146.0,261.0,162.0,71.0,126.0,56.0,82.0,467.0,61.0,266.0,1195.0,118.0,445.0,151.0,102.0,1204.0,123.0,59.0,66.0,114.0,72.0,258.0,796.0,422.0,268.0,86.0,43.0,91.0,112.0,171.0,374.0,58.0,84.0,117.0,33.0,23.0,72.0,52.0,44.0,196.0,81.0,66.0,98.0,877.0,86.0,81.0,19.0,58.0,211.0,515.0,58.0,1224.0,126.0,43.0,41.0,126.0,44.0,136.0,166.0,108.0,67.0,218.0,184.0,36.0,1706.0,54.0
41,3143.0,2046.0,2155.0,1782.0,1407.0,1039.0,1031.0,983.0,552.0,890.0,1118.0,819.0,657.0,1011.0,644.0,219.0,679.0,324.0,637.0,547.0,428.0,596.0,425.0,619.0,178.0,307.0,621.0,6308.0,203.0,578.0,46.0,61.0,321.0,442.0,377.0,167.0,584.0,337.0,206.0,252.0,223.0,0.0,179.0,930.0,194.0,145.0,245.0,541.0,225.0,229.0,238.0,102.0,80.0,262.0,46.0,635.0,310.0,153.0,183.0,173.0,80.0,265.0,750.0,207.0,87.0,73.0,446.0,223.0,67.0,167.0,158.0,99.0,453.0,17.0,128.0,53.0,101.0,138.0,237.0,299.0,107.0,282.0,107.0,217.0,480.0,130.0,122.0,75.0,153.0,445.0,121.0,176.0,95.0,103.0,89.0,88.0,73.0,397.0,100.0,341.0,600.0,490.0,156.0,257.0,36.0,60.0,173.0,97.0,482.0,98.0,65.0,223.0,134.0,173.0,145.0,57.0,85.0,149.0,116.0,54.0,209.0,92.0,28.0,201.0,69.0,22.0,65.0,108.0,101.0,69.0,61.0,324.0,34.0,223.0,144.0,125.0,220.0,67.0,228.0,357.0,91.0,204.0,425.0,73.0,97.0,7.0,63.0,62.0,55.0,78.0
42,1336.0,1249.0,744.0,1092.0,565.0,1236.0,473.0,630.0,899.0,426.0,163.0,430.0,1583.0,242.0,69.0,39.0,709.0,26.0,244.0,70.0,49.0,352.0,79.0,76.0,107.0,320.0,25.0,181.0,117.0,169.0,17.0,23.0,181.0,111.0,77.0,33.0,102.0,102.0,190.0,47.0,72.0,179.0,0.0,39.0,347.0,174.0,58.0,86.0,12.0,85.0,197.0,37.0,13.0,112.0,4.0,210.0,100.0,72.0,11.0,160.0,30.0,163.0,17.0,156.0,10.0,7.0,23.0,11.0,50.0,101.0,15.0,88.0,19.0,4.0,200.0,78.0,94.0,87.0,109.0,37.0,117.0,142.0,173.0,86.0,185.0,36.0,99.0,2.0,69.0,30.0,86.0,23.0,26.0,9.0,107.0,5.0,25.0,99.0,122.0,53.0,233.0,79.0,141.0,72.0,5.0,25.0,52.0,32.0,34.0,37.0,289.0,21.0,70.0,46.0,50.0,46.0,58.0,12.0,488.0,59.0,58.0,47.0,4.0,86.0,44.0,3.0,22.0,37.0,47.0,149.0,10.0,18.0,8.0,5.0,5.0,3.0,72.0,88.0,12.0,35.0,81.0,122.0,86.0,25.0,7.0,11.0,56.0,322.0,19.0,62.0
